7.000e+01 3.000e-01 7.000e-01 -9.000e-01 2.000e-01 -4.617e+01
7.000e+01 2.811e-01 7.000e-01 -9.092e-01 2.000e-01 -4.527e+01
7.000e+01 3.172e-01 7.000e-01 -9.034e-01 2.000e-01 -4.686e+01
7.000e+01 3.172e-01 7.000e-01 -9.034e-01 2.000e-01 -4.686e+01
7.000e+01 2.926e-01 7.000e-01 -9.027e-01 2.000e-01 -4.580e+01
7.000e+01 2.680e-01 7.000e-01 -9.001e-01 2.000e-01 -4.502e+01
7.000e+01 2.680e-01 7.000e-01 -9.001e-01 2.000e-01 -4.502e+01
7.000e+01 2.578e-01 7.000e-01 -8.983e-01 2.000e-01 -4.478e+01
7.000e+01 2.858e-01 7.000e-01 -8.956e-01 2.000e-01 -4.571e+01
7.000e+01 2.858e-01 7.000e-01 -8.956e-01 2.000e-01 -4.571e+01
7.000e+01 2.481e-01 7.000e-01 -8.942e-01 2.000e-01 -4.460e+01
7.000e+01 2.481e-01 7.000e-01 -8.942e-01 2.000e-01 -4.460e+01
7.000e+01 2.481e-01 7.000e-01 -8.942e-01 2.000e-01 -4.460e+01
7.000e+01 3.024e-01 7.000e-01 -8.902e-01 2.000e-01 -4.656e+01
7.000e+01 2.836e-01 7.000e-01 -8.899e-01 2.000e-01 -4.576e+01
7.000e+01 2.502e-01 7.000e-01 -8.914e-01 2.000e-01 -4.468e+01
7.000e+01 2.502e-01 7.000e-01 -8.914e-01 2.000e-01 -4.468e+01
7.000e+01 2.510e-01 7.000e-01 -8.900e-01 2.000e-01 -4.471e+01
7.000e+01 2.510e-01 7.000e-01 -8.900e-01 2.000e-01 -4.471e+01
7.000e+01 2.194e-01 7.000e-01 -8.919e-01 2.000e-01 -4.417e+01
7.000e+01 2.194e-01 7.000e-01 -8.919e-01 2.000e-01 -4.417e+01
7.000e+01 2.244e-01 7.000e-01 -8.940e-01 2.000e-01 -4.422e+01
7.000e+01 2.244e-01 7.000e-01 -8.940e-01 2.000e-01 -4.422e+01
7.000e+01 2.250e-01 7.000e-01 -8.930e-01 2.000e-01 -4.422e+01
7.000e+01 2.387e-01 7.000e-01 -8.944e-01 2.000e-01 -4.441e+01
7.000e+01 2.939e-01 7.000e-01 -8.983e-01 2.000e-01 -4.596e+01
7.000e+01 2.687e-01 7.000e-01 -8.899e-01 2.000e-01 -4.522e+01
7.000e+01 2.687e-01 7.000e-01 -8.899e-01 2.000e-01 -4.522e+01
7.000e+01 2.687e-01 7.000e-01 -8.899e-01 2.000e-01 -4.522e+01
7.000e+01 2.406e-01 7.000e-01 -9.004e-01 2.000e-01 -4.440e+01
7.000e+01 2.406e-01 7.000e-01 -9.004e-01 2.000e-01 -4.440e+01
7.000e+01 2.287e-01 7.000e-01 -8.950e-01 2.000e-01 -4.426e+01
7.000e+01 2.287e-01 7.000e-01 -8.950e-01 2.000e-01 -4.426e+01
7.000e+01 2.496e-01 7.000e-01 -8.811e-01 2.000e-01 -4.480e+01
7.000e+01 2.749e-01 7.000e-01 -8.708e-01 2.000e-01 -4.589e+01
7.000e+01 2.741e-01 7.000e-01 -8.730e-01 2.000e-01 -4.580e+01
7.000e+01 2.741e-01 7.000e-01 -8.730e-01 2.000e-01 -4.580e+01
7.000e+01 2.392e-01 7.000e-01 -8.695e-01 2.000e-01 -4.470e+01
7.000e+01 2.523e-01 7.000e-01 -8.699e-01 2.000e-01 -4.507e+01
7.000e+01 2.555e-01 7.000e-01 -8.670e-01 2.000e-01 -4.524e+01
7.000e+01 2.643e-01 7.000e-01 -8.683e-01 2.000e-01 -4.553e+01
7.000e+01 2.372e-01 7.000e-01 -8.697e-01 2.000e-01 -4.464e+01
7.000e+01 2.735e-01 7.000e-01 -8.773e-01 2.000e-01 -4.567e+01
7.000e+01 2.596e-01 7.000e-01 -8.763e-01 2.000e-01 -4.519e+01
7.000e+01 2.833e-01 7.000e-01 -8.755e-01 2.000e-01 -4.612e+01
7.000e+01 2.935e-01 7.000e-01 -8.633e-01 2.000e-01 -4.699e+01
7.000e+01 2.935e-01 7.000e-01 -8.633e-01 2.000e-01 -4.699e+01
7.000e+01 2.935e-01 7.000e-01 -8.633e-01 2.000e-01 -4.699e+01
7.000e+01 2.588e-01 7.000e-01 -8.581e-01 2.000e-01 -4.557e+01
7.000e+01 2.776e-01 7.000e-01 -8.540e-01 2.000e-01 -4.651e+01
7.000e+01 2.776e-01 7.000e-01 -8.540e-01 2.000e-01 -4.651e+01
7.000e+01 2.814e-01 7.000e-01 -8.518e-01 2.000e-01 -4.678e+01
7.000e+01 2.479e-01 7.000e-01 -8.528e-01 2.000e-01 -4.529e+01
7.000e+01 2.479e-01 7.000e-01 -8.528e-01 2.000e-01 -4.529e+01
7.000e+01 2.733e-01 7.000e-01 -8.544e-01 2.000e-01 -4.630e+01
7.000e+01 2.736e-01 7.000e-01 -8.626e-01 2.000e-01 -4.606e+01
7.000e+01 2.904e-01 7.000e-01 -8.660e-01 2.000e-01 -4.674e+01
7.000e+01 3.087e-01 7.000e-01 -8.802e-01 2.000e-01 -4.720e+01
7.000e+01 3.072e-01 7.000e-01 -8.794e-01 2.000e-01 -4.714e+01
7.000e+01 3.144e-01 7.000e-01 -8.811e-01 2.000e-01 -4.747e+01
7.000e+01 2.956e-01 7.000e-01 -8.737e-01 2.000e-01 -4.675e+01
7.000e+01 2.956e-01 7.000e-01 -8.737e-01 2.000e-01 -4.675e+01
7.000e+01 2.510e-01 7.000e-01 -8.710e-01 2.000e-01 -4.501e+01
7.000e+01 2.264e-01 7.000e-01 -8.750e-01 2.000e-01 -4.435e+01
7.000e+01 2.500e-01 7.000e-01 -8.760e-01 2.000e-01 -4.489e+01
7.000e+01 2.500e-01 7.000e-01 -8.760e-01 2.000e-01 -4.489e+01
7.000e+01 2.921e-01 7.000e-01 -8.680e-01 2.000e-01 -4.676e+01
7.000e+01 2.810e-01 7.000e-01 -8.694e-01 2.000e-01 -4.619e+01
7.000e+01 2.810e-01 7.000e-01 -8.694e-01 2.000e-01 -4.619e+01
7.000e+01 2.833e-01 7.000e-01 -8.635e-01 2.000e-01 -4.648e+01
7.000e+01 2.833e-01 7.000e-01 -8.635e-01 2.000e-01 -4.648e+01
7.000e+01 3.096e-01 7.000e-01 -8.659e-01 2.000e-01 -4.777e+01
7.000e+01 3.096e-01 7.000e-01 -8.659e-01 2.000e-01 -4.777e+01
7.000e+01 3.096e-01 7.000e-01 -8.659e-01 2.000e-01 -4.777e+01
7.000e+01 3.359e-01 7.000e-01 -8.659e-01 2.000e-01 -4.941e+01
7.000e+01 3.287e-01 7.000e-01 -8.627e-01 2.000e-01 -4.908e+01
7.000e+01 3.015e-01 7.000e-01 -8.688e-01 2.000e-01 -4.722e+01
7.000e+01 3.015e-01 7.000e-01 -8.688e-01 2.000e-01 -4.722e+01
7.000e+01 2.923e-01 7.000e-01 -8.751e-01 2.000e-01 -4.654e+01
7.000e+01 2.866e-01 7.000e-01 -8.824e-01 2.000e-01 -4.607e+01
7.000e+01 2.866e-01 7.000e-01 -8.824e-01 2.000e-01 -4.607e+01
7.000e+01 2.866e-01 7.000e-01 -8.824e-01 2.000e-01 -4.607e+01
7.000e+01 2.859e-01 7.000e-01 -8.836e-01 2.000e-01 -4.601e+01
7.000e+01 2.685e-01 7.000e-01 -8.887e-01 2.000e-01 -4.524e+01
7.000e+01 2.576e-01 7.000e-01 -8.917e-01 2.000e-01 -4.486e+01
7.000e+01 3.015e-01 7.000e-01 -8.893e-01 2.000e-01 -4.654e+01
7.000e+01 2.706e-01 7.000e-01 -8.909e-01 2.000e-01 -4.527e+01
7.000e+01 2.215e-01 7.000e-01 -8.953e-01 2.000e-01 -4.419e+01
7.000e+01 2.215e-01 7.000e-01 -8.953e-01 2.000e-01 -4.419e+01
7.000e+01 2.306e-01 7.000e-01 -8.953e-01 2.000e-01 -4.428e+01
7.000e+01 2.668e-01 7.000e-01 -9.009e-01 2.000e-01 -4.498e+01
7.000e+01 2.944e-01 7.000e-01 -9.088e-01 2.000e-01 -4.574e+01
7.000e+01 2.807e-01 7.000e-01 -9.077e-01 2.000e-01 -4.528e+01
7.000e+01 2.807e-01 7.000e-01 -9.077e-01 2.000e-01 -4.528e+01
7.000e+01 2.987e-01 7.000e-01 -9.098e-01 2.000e-01 -4.588e+01
7.000e+01 2.987e-01 7.000e-01 -9.098e-01 2.000e-01 -4.588e+01
7.000e+01 2.987e-01 7.000e-01 -9.098e-01 2.000e-01 -4.588e+01
7.000e+01 2.987e-01 7.000e-01 -9.098e-01 2.000e-01 -4.588e+01
7.000e+01 3.134e-01 7.000e-01 -9.115e-01 2.000e-01 -4.645e+01
7.000e+01 3.134e-01 7.000e-01 -9.115e-01 2.000e-01 -4.645e+01
7.000e+01 2.783e-01 7.000e-01 -9.020e-01 2.000e-01 -4.531e+01
7.000e+01 2.783e-01 7.000e-01 -9.020e-01 2.000e-01 -4.531e+01
7.000e+01 2.631e-01 7.000e-01 -9.006e-01 2.000e-01 -4.488e+01
7.000e+01 2.629e-01 7.000e-01 -8.997e-01 2.000e-01 -4.489e+01
7.000e+01 2.629e-01 7.000e-01 -8.997e-01 2.000e-01 -4.489e+01
7.000e+01 3.067e-01 7.000e-01 -8.947e-01 2.000e-01 -4.662e+01
7.000e+01 3.067e-01 7.000e-01 -8.947e-01 2.000e-01 -4.662e+01
7.000e+01 2.858e-01 7.000e-01 -8.922e-01 2.000e-01 -4.578e+01
7.000e+01 2.678e-01 7.000e-01 -8.889e-01 2.000e-01 -4.521e+01
7.000e+01 2.510e-01 7.000e-01 -8.830e-01 2.000e-01 -4.481e+01
7.000e+01 2.530e-01 7.000e-01 -8.809e-01 2.000e-01 -4.490e+01
7.000e+01 2.530e-01 7.000e-01 -8.809e-01 2.000e-01 -4.490e+01
7.000e+01 2.816e-01 7.000e-01 -8.800e-01 2.000e-01 -4.592e+01
7.000e+01 2.816e-01 7.000e-01 -8.800e-01 2.000e-01 -4.592e+01
7.000e+01 3.212e-01 7.000e-01 -8.817e-01 2.000e-01 -4.782e+01
7.000e+01 3.212e-01 7.000e-01 -8.817e-01 2.000e-01 -4.782e+01
7.000e+01 3.298e-01 7.000e-01 -8.786e-01 2.000e-01 -4.845e+01
7.000e+01 3.298e-01 7.000e-01 -8.786e-01 2.000e-01 -4.845e+01
7.000e+01 3.012e-01 7.000e-01 -8.734e-01 2.000e-01 -4.704e+01
7.000e+01 2.639e-01 7.000e-01 -8.845e-01 2.000e-01 -4.517e+01
7.000e+01 2.650e-01 7.000e-01 -8.886e-01 2.000e-01 -4.513e+01
7.000e+01 2.650e-01 7.000e-01 -8.886e-01 2.000e-01 -4.513e+01
7.000e+01 2.273e-01 7.000e-01 -8.985e-01 2.000e-01 -4.424e+01
7.000e+01 2.291e-01 7.000e-01 -9.027e-01 2.000e-01 -4.425e+01
7.000e+01 2.291e-01 7.000e-01 -9.027e-01 2.000e-01 -4.425e+01
7.000e+01 2.551e-01 7.000e-01 -8.974e-01 2.000e-01 -4.472e+01
7.000e+01 2.827e-01 7.000e-01 -8.954e-01 2.000e-01 -4.559e+01
7.000e+01 2.803e-01 7.000e-01 -8.955e-01 2.000e-01 -4.551e+01
7.000e+01 2.558e-01 7.000e-01 -8.900e-01 2.000e-01 -4.484e+01
7.000e+01 2.811e-01 7.000e-01 -8.904e-01 2.000e-01 -4.565e+01
7.000e+01 2.811e-01 7.000e-01 -8.904e-01 2.000e-01 -4.565e+01
7.000e+01 2.716e-01 7.000e-01 -8.895e-01 2.000e-01 -4.533e+01
7.000e+01 2.558e-01 7.000e-01 -9.007e-01 2.000e-01 -4.470e+01
7.000e+01 2.558e-01 7.000e-01 -9.007e-01 2.000e-01 -4.470e+01
7.000e+01 2.506e-01 7.000e-01 -9.034e-01 2.000e-01 -4.456e+01
7.000e+01 2.685e-01 7.000e-01 -9.019e-01 2.000e-01 -4.501e+01
7.000e+01 2.685e-01 7.000e-01 -9.019e-01 2.000e-01 -4.501e+01
7.000e+01 3.007e-01 7.000e-01 -9.006e-01 2.000e-01 -4.619e+01
7.000e+01 3.007e-01 7.000e-01 -9.006e-01 2.000e-01 -4.619e+01
7.000e+01 3.229e-01 7.000e-01 -8.956e-01 2.000e-01 -4.741e+01
7.000e+01 3.229e-01 7.000e-01 -8.956e-01 2.000e-01 -4.741e+01
7.000e+01 3.373e-01 7.000e-01 -8.892e-01 2.000e-01 -4.848e+01
7.000e+01 3.138e-01 7.000e-01 -8.884e-01 2.000e-01 -4.718e+01
7.000e+01 3.138e-01 7.000e-01 -8.884e-01 2.000e-01 -4.718e+01
7.000e+01 3.384e-01 7.000e-01 -8.883e-01 2.000e-01 -4.858e+01
7.000e+01 3.384e-01 7.000e-01 -8.883e-01 2.000e-01 -4.858e+01
7.000e+01 3.384e-01 7.000e-01 -8.883e-01 2.000e-01 -4.858e+01
7.000e+01 3.435e-01 7.000e-01 -8.760e-01 2.000e-01 -4.945e+01
7.000e+01 3.296e-01 7.000e-01 -8.801e-01 2.000e-01 -4.838e+01
7.000e+01 3.007e-01 7.000e-01 -8.825e-01 2.000e-01 -4.671e+01
7.000e+01 3.159e-01 7.000e-01 -8.745e-01 2.000e-01 -4.780e+01
7.000e+01 3.159e-01 7.000e-01 -8.745e-01 2.000e-01 -4.780e+01
7.000e+01 2.995e-01 7.000e-01 -8.684e-01 2.000e-01 -4.713e+01
7.000e+01 2.995e-01 7.000e-01 -8.684e-01 2.000e-01 -4.713e+01
7.000e+01 2.995e-01 7.000e-01 -8.684e-01 2.000e-01 -4.713e+01
7.000e+01 2.923e-01 7.000e-01 -8.643e-01 2.000e-01 -4.690e+01
7.000e+01 2.565e-01 7.000e-01 -8.677e-01 2.000e-01 -4.526e+01
7.000e+01 2.565e-01 7.000e-01 -8.677e-01 2.000e-01 -4.526e+01
7.000e+01 2.734e-01 7.000e-01 -8.645e-01 2.000e-01 -4.600e+01
7.000e+01 2.734e-01 7.000e-01 -8.645e-01 2.000e-01 -4.600e+01
7.000e+01 2.822e-01 7.000e-01 -8.635e-01 2.000e-01 -4.643e+01
7.000e+01 2.685e-01 7.000e-01 -8.639e-01 2.000e-01 -4.581e+01
7.000e+01 3.104e-01 7.000e-01 -8.678e-01 2.000e-01 -4.774e+01
7.000e+01 3.104e-01 7.000e-01 -8.678e-01 2.000e-01 -4.774e+01
7.000e+01 3.115e-01 7.000e-01 -8.721e-01 2.000e-01 -4.764e+01
7.000e+01 3.115e-01 7.000e-01 -8.721e-01 2.000e-01 -4.764e+01
7.000e+01 3.157e-01 7.000e-01 -8.653e-01 2.000e-01 -4.816e+01
7.000e+01 2.791e-01 7.000e-01 -8.663e-01 2.000e-01 -4.620e+01
7.000e+01 2.791e-01 7.000e-01 -8.663e-01 2.000e-01 -4.620e+01
7.000e+01 2.599e-01 7.000e-01 -8.633e-01 2.000e-01 -4.548e+01
7.000e+01 2.599e-01 7.000e-01 -8.633e-01 2.000e-01 -4.548e+01
7.000e+01 2.700e-01 7.000e-01 -8.571e-01 2.000e-01 -4.606e+01
7.000e+01 2.700e-01 7.000e-01 -8.571e-01 2.000e-01 -4.606e+01
7.000e+01 2.657e-01 7.000e-01 -8.524e-01 2.000e-01 -4.601e+01
7.000e+01 2.690e-01 7.000e-01 -8.512e-01 2.000e-01 -4.620e+01
7.000e+01 2.690e-01 7.000e-01 -8.512e-01 2.000e-01 -4.620e+01
7.000e+01 2.430e-01 7.000e-01 -8.529e-01 2.000e-01 -4.512e+01
7.000e+01 2.444e-01 7.000e-01 -8.527e-01 2.000e-01 -4.517e+01
7.000e+01 2.444e-01 7.000e-01 -8.527e-01 2.000e-01 -4.517e+01
7.000e+01 2.158e-01 7.000e-01 -8.601e-01 2.000e-01 -4.428e+01
7.000e+01 2.158e-01 7.000e-01 -8.601e-01 2.000e-01 -4.428e+01
7.000e+01 1.872e-01 7.000e-01 -8.586e-01 2.000e-01 -4.394e+01
7.000e+01 1.872e-01 7.000e-01 -8.586e-01 2.000e-01 -4.394e+01
7.000e+01 1.733e-01 7.000e-01 -8.582e-01 2.000e-01 -4.392e+01
7.000e+01 1.902e-01 7.000e-01 -8.579e-01 2.000e-01 -4.396e+01
7.000e+01 1.902e-01 7.000e-01 -8.579e-01 2.000e-01 -4.396e+01
7.000e+01 1.662e-01 7.000e-01 -8.595e-01 2.000e-01 -4.395e+01
7.000e+01 1.539e-01 7.000e-01 -8.541e-01 2.000e-01 -4.399e+01
7.000e+01 2.083e-01 7.000e-01 -8.569e-01 2.000e-01 -4.418e+01
7.000e+01 2.336e-01 7.000e-01 -8.577e-01 2.000e-01 -4.473e+01
7.000e+01 2.884e-01 7.000e-01 -8.566e-01 2.000e-01 -4.696e+01
7.000e+01 2.652e-01 7.000e-01 -8.567e-01 2.000e-01 -4.587e+01
7.000e+01 2.652e-01 7.000e-01 -8.567e-01 2.000e-01 -4.587e+01
7.000e+01 2.400e-01 7.000e-01 -8.596e-01 2.000e-01 -4.489e+01
7.000e+01 2.562e-01 7.000e-01 -8.621e-01 2.000e-01 -4.538e+01
7.000e+01 3.031e-01 7.000e-01 -8.708e-01 2.000e-01 -4.723e+01
7.000e+01 2.741e-01 7.000e-01 -8.818e-01 2.000e-01 -4.558e+01
7.000e+01 2.741e-01 7.000e-01 -8.818e-01 2.000e-01 -4.558e+01
7.000e+01 2.741e-01 7.000e-01 -8.818e-01 2.000e-01 -4.558e+01
7.000e+01 2.939e-01 7.000e-01 -8.864e-01 2.000e-01 -4.628e+01
7.000e+01 2.975e-01 7.000e-01 -8.934e-01 2.000e-01 -4.624e+01
7.000e+01 2.491e-01 7.000e-01 -8.937e-01 2.000e-01 -4.462e+01
7.000e+01 2.494e-01 7.000e-01 -8.855e-01 2.000e-01 -4.473e+01
7.000e+01 2.337e-01 7.000e-01 -8.850e-01 2.000e-01 -4.440e+01
7.000e+01 2.337e-01 7.000e-01 -8.850e-01 2.000e-01 -4.440e+01
7.000e+01 1.954e-01 7.000e-01 -8.737e-01 2.000e-01 -4.401e+01
7.000e+01 2.036e-01 7.000e-01 -8.703e-01 2.000e-01 -4.406e+01
7.000e+01 2.315e-01 7.000e-01 -8.762e-01 2.000e-01 -4.443e+01
7.000e+01 2.406e-01 7.000e-01 -8.831e-01 2.000e-01 -4.455e+01
7.000e+01 3.001e-01 7.000e-01 -8.831e-01 2.000e-01 -4.666e+01
7.000e+01 3.001e-01 7.000e-01 -8.831e-01 2.000e-01 -4.666e+01
7.000e+01 3.229e-01 7.000e-01 -8.853e-01 2.000e-01 -4.778e+01
7.000e+01 3.229e-01 7.000e-01 -8.853e-01 2.000e-01 -4.778e+01
7.000e+01 3.229e-01 7.000e-01 -8.853e-01 2.000e-01 -4.778e+01
7.000e+01 2.840e-01 7.000e-01 -8.827e-01 2.000e-01 -4.595e+01
7.000e+01 2.882e-01 7.000e-01 -8.765e-01 2.000e-01 -4.631e+01
7.000e+01 2.590e-01 7.000e-01 -8.765e-01 2.000e-01 -4.516e+01
7.000e+01 2.854e-01 7.000e-01 -8.734e-01 2.000e-01 -4.627e+01
7.000e+01 3.023e-01 7.000e-01 -8.760e-01 2.000e-01 -4.701e+01
7.000e+01 3.023e-01 7.000e-01 -8.760e-01 2.000e-01 -4.701e+01
7.000e+01 2.735e-01 7.000e-01 -8.852e-01 2.000e-01 -4.548e+01
7.000e+01 2.735e-01 7.000e-01 -8.852e-01 2.000e-01 -4.548e+01
7.000e+01 3.195e-01 7.000e-01 -8.883e-01 2.000e-01 -4.748e+01
7.000e+01 3.195e-01 7.000e-01 -8.883e-01 2.000e-01 -4.748e+01
7.000e+01 2.710e-01 7.000e-01 -8.820e-01 2.000e-01 -4.546e+01
7.000e+01 2.710e-01 7.000e-01 -8.820e-01 2.000e-01 -4.546e+01
7.000e+01 2.911e-01 7.000e-01 -8.820e-01 2.000e-01 -4.628e+01
7.000e+01 2.911e-01 7.000e-01 -8.820e-01 2.000e-01 -4.628e+01
7.000e+01 2.926e-01 7.000e-01 -8.783e-01 2.000e-01 -4.646e+01
7.000e+01 2.752e-01 7.000e-01 -8.849e-01 2.000e-01 -4.555e+01
7.000e+01 2.752e-01 7.000e-01 -8.849e-01 2.000e-01 -4.555e+01
7.000e+01 2.304e-01 7.000e-01 -8.905e-01 2.000e-01 -4.430e+01
7.000e+01 2.424e-01 7.000e-01 -8.932e-01 2.000e-01 -4.449e+01
7.000e+01 2.610e-01 7.000e-01 -8.898e-01 2.000e-01 -4.498e+01
7.000e+01 2.386e-01 7.000e-01 -8.814e-01 2.000e-01 -4.453e+01
7.000e+01 2.175e-01 7.000e-01 -8.920e-01 2.000e-01 -4.416e+01
7.000e+01 2.386e-01 7.000e-01 -8.944e-01 2.000e-01 -4.441e+01
7.000e+01 2.428e-01 7.000e-01 -8.889e-01 2.000e-01 -4.454e+01
7.000e+01 2.457e-01 7.000e-01 -8.843e-01 2.000e-01 -4.466e+01
7.000e+01 2.457e-01 7.000e-01 -8.843e-01 2.000e-01 -4.466e+01
7.000e+01 2.214e-01 7.000e-01 -8.905e-01 2.000e-01 -4.419e+01
7.000e+01 2.370e-01 7.000e-01 -8.877e-01 2.000e-01 -4.443e+01
7.000e+01 2.370e-01 7.000e-01 -8.877e-01 2.000e-01 -4.443e+01
7.000e+01 2.220e-01 7.000e-01 -8.901e-01 2.000e-01 -4.420e+01
7.000e+01 2.419e-01 7.000e-01 -8.866e-01 2.000e-01 -4.454e+01
7.000e+01 2.467e-01 7.000e-01 -8.761e-01 2.000e-01 -4.480e+01
7.000e+01 2.775e-01 7.000e-01 -8.821e-01 2.000e-01 -4.570e+01
7.000e+01 2.775e-01 7.000e-01 -8.821e-01 2.000e-01 -4.570e+01
7.000e+01 2.648e-01 7.000e-01 -8.857e-01 2.000e-01 -4.518e+01
7.000e+01 2.704e-01 7.000e-01 -8.914e-01 2.000e-01 -4.525e+01
7.000e+01 2.704e-01 7.000e-01 -8.914e-01 2.000e-01 -4.525e+01
7.000e+01 2.846e-01 7.000e-01 -8.911e-01 2.000e-01 -4.576e+01
7.000e+01 2.795e-01 7.000e-01 -8.974e-01 2.000e-01 -4.544e+01
7.000e+01 2.795e-01 7.000e-01 -8.974e-01 2.000e-01 -4.544e+01
7.000e+01 2.962e-01 7.000e-01 -8.938e-01 2.000e-01 -4.617e+01
7.000e+01 2.781e-01 7.000e-01 -8.859e-01 2.000e-01 -4.564e+01
7.000e+01 2.781e-01 7.000e-01 -8.859e-01 2.000e-01 -4.564e+01
7.000e+01 2.709e-01 7.000e-01 -8.867e-01 2.000e-01 -4.536e+01
7.000e+01 2.839e-01 7.000e-01 -8.868e-01 2.000e-01 -4.584e+01
7.000e+01 2.901e-01 7.000e-01 -8.825e-01 2.000e-01 -4.622e+01
7.000e+01 2.901e-01 7.000e-01 -8.825e-01 2.000e-01 -4.622e+01
7.000e+01 2.446e-01 7.000e-01 -8.891e-01 2.000e-01 -4.458e+01
7.000e+01 2.550e-01 7.000e-01 -8.903e-01 2.000e-01 -4.481e+01
7.000e+01 2.550e-01 7.000e-01 -8.903e-01 2.000e-01 -4.481e+01
7.000e+01 2.550e-01 7.000e-01 -8.903e-01 2.000e-01 -4.481e+01
7.000e+01 2.436e-01 7.000e-01 -8.897e-01 2.000e-01 -4.455e+01
7.000e+01 2.653e-01 7.000e-01 -8.822e-01 2.000e-01 -4.526e+01
7.000e+01 2.687e-01 7.000e-01 -8.762e-01 2.000e-01 -4.551e+01
7.000e+01 2.635e-01 7.000e-01 -8.745e-01 2.000e-01 -4.536e+01
7.000e+01 2.552e-01 7.000e-01 -8.714e-01 2.000e-01 -4.514e+01
7.000e+01 2.768e-01 7.000e-01 -8.785e-01 2.000e-01 -4.577e+01
7.000e+01 2.728e-01 7.000e-01 -8.737e-01 2.000e-01 -4.573e+01
7.000e+01 2.728e-01 7.000e-01 -8.737e-01 2.000e-01 -4.573e+01
7.000e+01 2.815e-01 7.000e-01 -8.866e-01 2.000e-01 -4.575e+01
7.000e+01 2.815e-01 7.000e-01 -8.866e-01 2.000e-01 -4.575e+01
7.000e+01 2.687e-01 7.000e-01 -8.788e-01 2.000e-01 -4.545e+01
7.000e+01 2.687e-01 7.000e-01 -8.788e-01 2.000e-01 -4.545e+01
7.000e+01 2.693e-01 7.000e-01 -8.783e-01 2.000e-01 -4.548e+01
7.000e+01 2.753e-01 7.000e-01 -8.838e-01 2.000e-01 -4.558e+01
7.000e+01 2.440e-01 7.000e-01 -8.842e-01 2.000e-01 -4.462e+01
7.000e+01 2.644e-01 7.000e-01 -8.862e-01 2.000e-01 -4.515e+01
7.000e+01 2.644e-01 7.000e-01 -8.862e-01 2.000e-01 -4.515e+01
7.000e+01 3.082e-01 7.000e-01 -8.938e-01 2.000e-01 -4.672e+01
7.000e+01 2.961e-01 7.000e-01 -8.963e-01 2.000e-01 -4.610e+01
7.000e+01 3.055e-01 7.000e-01 -9.039e-01 2.000e-01 -4.631e+01
7.000e+01 3.008e-01 7.000e-01 -9.120e-01 2.000e-01 -4.591e+01
7.000e+01 3.257e-01 7.000e-01 -9.046e-01 2.000e-01 -4.726e+01
7.000e+01 3.257e-01 7.000e-01 -9.046e-01 2.000e-01 -4.726e+01
7.000e+01 3.257e-01 7.000e-01 -9.046e-01 2.000e-01 -4.726e+01
7.000e+01 2.896e-01 7.000e-01 -9.043e-01 2.000e-01 -4.565e+01
7.000e+01 3.111e-01 7.000e-01 -9.016e-01 2.000e-01 -4.662e+01
7.000e+01 3.111e-01 7.000e-01 -9.016e-01 2.000e-01 -4.662e+01
7.000e+01 3.213e-01 7.000e-01 -8.991e-01 2.000e-01 -4.721e+01
7.000e+01 3.213e-01 7.000e-01 -8.991e-01 2.000e-01 -4.721e+01
7.000e+01 3.118e-01 7.000e-01 -8.965e-01 2.000e-01 -4.681e+01
7.000e+01 3.025e-01 7.000e-01 -8.946e-01 2.000e-01 -4.643e+01
7.000e+01 2.904e-01 7.000e-01 -9.012e-01 2.000e-01 -4.575e+01
7.000e+01 2.904e-01 7.000e-01 -9.012e-01 2.000e-01 -4.575e+01
7.000e+01 2.440e-01 7.000e-01 -8.969e-01 2.000e-01 -4.449e+01
7.000e+01 2.467e-01 7.000e-01 -8.987e-01 2.000e-01 -4.452e+01
7.000e+01 2.303e-01 7.000e-01 -9.036e-01 2.000e-01 -4.426e+01
7.000e+01 2.303e-01 7.000e-01 -9.036e-01 2.000e-01 -4.426e+01
7.000e+01 2.090e-01 7.000e-01 -8.957e-01 2.000e-01 -4.412e+01
7.000e+01 2.111e-01 7.000e-01 -8.860e-01 2.000e-01 -4.411e+01
7.000e+01 2.111e-01 7.000e-01 -8.860e-01 2.000e-01 -4.411e+01
7.000e+01 1.881e-01 7.000e-01 -8.905e-01 2.000e-01 -4.414e+01
7.000e+01 1.881e-01 7.000e-01 -8.905e-01 2.000e-01 -4.414e+01
7.000e+01 2.032e-01 7.000e-01 -8.832e-01 2.000e-01 -4.406e+01
7.000e+01 2.210e-01 7.000e-01 -8.864e-01 2.000e-01 -4.420e+01
7.000e+01 2.684e-01 7.000e-01 -8.911e-01 2.000e-01 -4.519e+01
7.000e+01 2.929e-01 7.000e-01 -8.891e-01 2.000e-01 -4.616e+01
7.000e+01 2.704e-01 7.000e-01 -8.908e-01 2.000e-01 -4.526e+01
7.000e+01 3.019e-01 7.000e-01 -8.904e-01 2.000e-01 -4.653e+01
7.000e+01 3.019e-01 7.000e-01 -8.904e-01 2.000e-01 -4.653e+01
7.000e+01 3.028e-01 7.000e-01 -8.819e-01 2.000e-01 -4.683e+01
7.000e+01 3.234e-01 7.000e-01 -8.791e-01 2.000e-01 -4.805e+01
7.000e+01 3.234e-01 7.000e-01 -8.791e-01 2.000e-01 -4.805e+01
7.000e+01 2.801e-01 7.000e-01 -8.806e-01 2.000e-01 -4.584e+01
7.000e+01 2.801e-01 7.000e-01 -8.806e-01 2.000e-01 -4.584e+01
7.000e+01 2.806e-01 7.000e-01 -8.870e-01 2.000e-01 -4.571e+01
7.000e+01 2.599e-01 7.000e-01 -8.833e-01 2.000e-01 -4.506e+01
7.000e+01 2.755e-01 7.000e-01 -8.845e-01 2.000e-01 -4.557e+01
7.000e+01 2.530e-01 7.000e-01 -8.887e-01 2.000e-01 -4.478e+01
7.000e+01 2.530e-01 7.000e-01 -8.887e-01 2.000e-01 -4.478e+01
7.000e+01 2.494e-01 7.000e-01 -8.882e-01 2.000e-01 -4.470e+01
7.000e+01 2.774e-01 7.000e-01 -8.882e-01 2.000e-01 -4.556e+01
7.000e+01 2.881e-01 7.000e-01 -8.814e-01 2.000e-01 -4.616e+01
7.000e+01 2.881e-01 7.000e-01 -8.814e-01 2.000e-01 -4.616e+01
7.000e+01 2.509e-01 7.000e-01 -8.829e-01 2.000e-01 -4.481e+01
7.000e+01 2.509e-01 7.000e-01 -8.829e-01 2.000e-01 -4.481e+01
7.000e+01 2.583e-01 7.000e-01 -8.837e-01 2.000e-01 -4.501e+01
7.000e+01 3.008e-01 7.000e-01 -8.791e-01 2.000e-01 -4.682e+01
7.000e+01 3.059e-01 7.000e-01 -8.933e-01 2.000e-01 -4.663e+01
7.000e+01 2.768e-01 7.000e-01 -8.900e-01 2.000e-01 -4.550e+01
7.000e+01 2.768e-01 7.000e-01 -8.900e-01 2.000e-01 -4.550e+01
7.000e+01 3.033e-01 7.000e-01 -8.853e-01 2.000e-01 -4.675e+01
7.000e+01 2.948e-01 7.000e-01 -8.853e-01 2.000e-01 -4.635e+01
7.000e+01 2.985e-01 7.000e-01 -8.879e-01 2.000e-01 -4.644e+01
7.000e+01 2.804e-01 7.000e-01 -8.983e-01 2.000e-01 -4.545e+01
7.000e+01 2.743e-01 7.000e-01 -8.988e-01 2.000e-01 -4.524e+01
7.000e+01 2.743e-01 7.000e-01 -8.988e-01 2.000e-01 -4.524e+01
7.000e+01 2.776e-01 7.000e-01 -8.997e-01 2.000e-01 -4.533e+01
7.000e+01 2.776e-01 7.000e-01 -8.997e-01 2.000e-01 -4.533e+01
7.000e+01 2.701e-01 7.000e-01 -9.008e-01 2.000e-01 -4.507e+01
7.000e+01 2.631e-01 7.000e-01 -8.950e-01 2.000e-01 -4.496e+01
7.000e+01 2.662e-01 7.000e-01 -8.959e-01 2.000e-01 -4.504e+01
7.000e+01 2.368e-01 7.000e-01 -8.976e-01 2.000e-01 -4.436e+01
7.000e+01 2.368e-01 7.000e-01 -8.976e-01 2.000e-01 -4.436e+01
7.000e+01 2.132e-01 7.000e-01 -8.956e-01 2.000e-01 -4.414e+01
7.000e+01 2.387e-01 7.000e-01 -8.945e-01 2.000e-01 -4.441e+01
7.000e+01 2.500e-01 7.000e-01 -8.926e-01 2.000e-01 -4.466e+01
7.000e+01 2.605e-01 7.000e-01 -8.946e-01 2.000e-01 -4.490e+01
7.000e+01 2.620e-01 7.000e-01 -8.929e-01 2.000e-01 -4.496e+01
7.000e+01 2.735e-01 7.000e-01 -8.907e-01 2.000e-01 -4.537e+01
7.000e+01 2.568e-01 7.000e-01 -8.883e-01 2.000e-01 -4.489e+01
7.000e+01 2.568e-01 7.000e-01 -8.883e-01 2.000e-01 -4.489e+01
7.000e+01 2.800e-01 7.000e-01 -8.866e-01 2.000e-01 -4.569e+01
7.000e+01 2.800e-01 7.000e-01 -8.866e-01 2.000e-01 -4.569e+01
7.000e+01 2.610e-01 7.000e-01 -8.891e-01 2.000e-01 -4.500e+01
7.000e+01 2.919e-01 7.000e-01 -8.901e-01 2.000e-01 -4.609e+01
7.000e+01 2.544e-01 7.000e-01 -8.908e-01 2.000e-01 -4.479e+01
7.000e+01 2.544e-01 7.000e-01 -8.908e-01 2.000e-01 -4.479e+01
7.000e+01 2.544e-01 7.000e-01 -8.908e-01 2.000e-01 -4.479e+01
7.000e+01 2.586e-01 7.000e-01 -8.923e-01 2.000e-01 -4.488e+01
7.000e+01 2.586e-01 7.000e-01 -8.923e-01 2.000e-01 -4.488e+01
7.000e+01 2.862e-01 7.000e-01 -8.964e-01 2.000e-01 -4.570e+01
7.000e+01 2.862e-01 7.000e-01 -8.964e-01 2.000e-01 -4.570e+01
7.000e+01 2.848e-01 7.000e-01 -8.984e-01 2.000e-01 -4.561e+01
7.000e+01 2.800e-01 7.000e-01 -8.946e-01 2.000e-01 -4.551e+01
7.000e+01 2.870e-01 7.000e-01 -8.997e-01 2.000e-01 -4.566e+01
7.000e+01 2.807e-01 7.000e-01 -9.117e-01 2.000e-01 -4.521e+01
7.000e+01 2.807e-01 7.000e-01 -9.117e-01 2.000e-01 -4.521e+01
7.000e+01 3.047e-01 7.000e-01 -9.061e-01 2.000e-01 -4.621e+01
7.000e+01 3.148e-01 7.000e-01 -9.033e-01 2.000e-01 -4.675e+01
7.000e+01 2.693e-01 7.000e-01 -9.037e-01 2.000e-01 -4.500e+01
7.000e+01 2.733e-01 7.000e-01 -9.113e-01 2.000e-01 -4.500e+01
7.000e+01 2.634e-01 7.000e-01 -9.101e-01 2.000e-01 -4.477e+01
7.000e+01 2.874e-01 7.000e-01 -9.065e-01 2.000e-01 -4.553e+01
7.000e+01 2.999e-01 7.000e-01 -9.123e-01 2.000e-01 -4.587e+01
7.000e+01 3.045e-01 7.000e-01 -9.162e-01 2.000e-01 -4.596e+01
7.000e+01 3.370e-01 7.000e-01 -9.187e-01 2.000e-01 -4.738e+01
7.000e+01 3.370e-01 7.000e-01 -9.187e-01 2.000e-01 -4.738e+01
7.000e+01 2.967e-01 7.000e-01 -9.108e-01 2.000e-01 -4.578e+01
7.000e+01 2.640e-01 7.000e-01 -9.144e-01 2.000e-01 -4.473e+01
7.000e+01 2.640e-01 7.000e-01 -9.144e-01 2.000e-01 -4.473e+01
7.000e+01 2.860e-01 7.000e-01 -9.118e-01 2.000e-01 -4.538e+01
7.000e+01 2.518e-01 7.000e-01 -9.094e-01 2.000e-01 -4.453e+01
7.000e+01 2.904e-01 7.000e-01 -9.034e-01 2.000e-01 -4.571e+01
7.000e+01 2.898e-01 7.000e-01 -9.037e-01 2.000e-01 -4.568e+01
7.000e+01 2.737e-01 7.000e-01 -8.997e-01 2.000e-01 -4.520e+01
7.000e+01 2.737e-01 7.000e-01 -8.997e-01 2.000e-01 -4.520e+01
7.000e+01 2.330e-01 7.000e-01 -9.008e-01 2.000e-01 -4.430e+01
7.000e+01 2.330e-01 7.000e-01 -9.008e-01 2.000e-01 -4.430e+01
7.000e+01 2.439e-01 7.000e-01 -9.017e-01 2.000e-01 -4.445e+01
7.000e+01 2.551e-01 7.000e-01 -8.955e-01 2.000e-01 -4.474e+01
7.000e+01 2.740e-01 7.000e-01 -8.976e-01 2.000e-01 -4.525e+01
7.000e+01 2.929e-01 7.000e-01 -8.945e-01 2.000e-01 -4.602e+01
7.000e+01 2.858e-01 7.000e-01 -8.888e-01 2.000e-01 -4.587e+01
7.000e+01 2.994e-01 7.000e-01 -8.898e-01 2.000e-01 -4.643e+01
7.000e+01 2.488e-01 7.000e-01 -8.805e-01 2.000e-01 -4.479e+01
7.000e+01 3.118e-01 7.000e-01 -8.808e-01 2.000e-01 -4.734e+01
7.000e+01 3.118e-01 7.000e-01 -8.808e-01 2.000e-01 -4.734e+01
7.000e+01 2.671e-01 7.000e-01 -8.739e-01 2.000e-01 -4.550e+01
7.000e+01 2.682e-01 7.000e-01 -8.765e-01 2.000e-01 -4.548e+01
7.000e+01 2.548e-01 7.000e-01 -8.797e-01 2.000e-01 -4.497e+01
7.000e+01 2.740e-01 7.000e-01 -8.776e-01 2.000e-01 -4.568e+01
7.000e+01 2.450e-01 7.000e-01 -8.832e-01 2.000e-01 -4.465e+01
7.000e+01 2.306e-01 7.000e-01 -8.869e-01 2.000e-01 -4.433e+01
7.000e+01 2.314e-01 7.000e-01 -8.886e-01 2.000e-01 -4.433e+01
7.000e+01 2.755e-01 7.000e-01 -8.970e-01 2.000e-01 -4.531e+01
7.000e+01 2.738e-01 7.000e-01 -9.018e-01 2.000e-01 -4.517e+01
7.000e+01 2.795e-01 7.000e-01 -9.066e-01 2.000e-01 -4.526e+01
7.000e+01 2.607e-01 7.000e-01 -9.054e-01 2.000e-01 -4.476e+01
7.000e+01 2.852e-01 7.000e-01 -9.001e-01 2.000e-01 -4.558e+01
7.000e+01 2.919e-01 7.000e-01 -8.994e-01 2.000e-01 -4.585e+01
7.000e+01 3.032e-01 7.000e-01 -8.886e-01 2.000e-01 -4.664e+01
7.000e+01 2.972e-01 7.000e-01 -9.016e-01 2.000e-01 -4.602e+01
7.000e+01 2.972e-01 7.000e-01 -9.016e-01 2.000e-01 -4.602e+01
7.000e+01 2.369e-01 7.000e-01 -8.989e-01 2.000e-01 -4.436e+01
7.000e+01 2.330e-01 7.000e-01 -9.029e-01 2.000e-01 -4.429e+01
7.000e+01 2.275e-01 7.000e-01 -9.010e-01 2.000e-01 -4.424e+01
7.000e+01 2.365e-01 7.000e-01 -8.997e-01 2.000e-01 -4.434e+01
7.000e+01 2.365e-01 7.000e-01 -8.997e-01 2.000e-01 -4.434e+01
7.000e+01 2.444e-01 7.000e-01 -8.954e-01 2.000e-01 -4.451e+01
7.000e+01 2.818e-01 7.000e-01 -9.010e-01 2.000e-01 -4.544e+01
7.000e+01 2.721e-01 7.000e-01 -9.039e-01 2.000e-01 -4.508e+01
7.000e+01 2.721e-01 7.000e-01 -9.039e-01 2.000e-01 -4.508e+01
7.000e+01 2.515e-01 7.000e-01 -9.096e-01 2.000e-01 -4.453e+01
7.000e+01 2.438e-01 7.000e-01 -9.108e-01 2.000e-01 -4.440e+01
7.000e+01 2.438e-01 7.000e-01 -9.108e-01 2.000e-01 -4.440e+01
7.000e+01 2.222e-01 7.000e-01 -9.073e-01 2.000e-01 -4.421e+01
7.000e+01 2.222e-01 7.000e-01 -9.073e-01 2.000e-01 -4.421e+01
7.000e+01 2.459e-01 7.000e-01 -9.089e-01 2.000e-01 -4.444e+01
7.000e+01 2.322e-01 7.000e-01 -9.119e-01 2.000e-01 -4.427e+01
7.000e+01 2.363e-01 7.000e-01 -9.129e-01 2.000e-01 -4.431e+01
7.000e+01 2.358e-01 7.000e-01 -9.087e-01 2.000e-01 -4.431e+01
7.000e+01 2.343e-01 7.000e-01 -9.042e-01 2.000e-01 -4.430e+01
7.000e+01 2.442e-01 7.000e-01 -9.100e-01 2.000e-01 -4.441e+01
7.000e+01 2.442e-01 7.000e-01 -9.100e-01 2.000e-01 -4.441e+01
7.000e+01 2.151e-01 7.000e-01 -9.079e-01 2.000e-01 -4.419e+01
7.000e+01 2.151e-01 7.000e-01 -9.079e-01 2.000e-01 -4.419e+01
7.000e+01 2.151e-01 7.000e-01 -9.079e-01 2.000e-01 -4.419e+01
7.000e+01 2.229e-01 7.000e-01 -9.061e-01 2.000e-01 -4.421e+01
7.000e+01 2.245e-01 7.000e-01 -9.007e-01 2.000e-01 -4.421e+01
7.000e+01 2.474e-01 7.000e-01 -8.991e-01 2.000e-01 -4.453e+01
7.000e+01 2.474e-01 7.000e-01 -8.991e-01 2.000e-01 -4.453e+01
7.000e+01 3.440e-01 7.000e-01 -9.000e-01 2.000e-01 -4.845e+01
7.000e+01 3.510e-01 7.000e-01 -9.066e-01 2.000e-01 -4.861e+01
7.000e+01 3.427e-01 7.000e-01 -9.096e-01 2.000e-01 -4.801e+01
7.000e+01 3.379e-01 7.000e-01 -9.081e-01 2.000e-01 -4.779e+01
7.000e+01 3.379e-01 7.000e-01 -9.081e-01 2.000e-01 -4.779e+01
7.000e+01 3.558e-01 7.000e-01 -9.076e-01 2.000e-01 -4.886e+01
7.000e+01 3.558e-01 7.000e-01 -9.076e-01 2.000e-01 -4.886e+01
7.000e+01 3.558e-01 7.000e-01 -9.076e-01 2.000e-01 -4.886e+01
7.000e+01 3.930e-01 7.000e-01 -9.099e-01 2.000e-01 -5.133e+01
7.000e+01 3.930e-01 7.000e-01 -9.099e-01 2.000e-01 -5.133e+01
7.000e+01 3.930e-01 7.000e-01 -9.099e-01 2.000e-01 -5.133e+01
7.000e+01 3.639e-01 7.000e-01 -9.120e-01 2.000e-01 -4.920e+01
7.000e+01 3.639e-01 7.000e-01 -9.120e-01 2.000e-01 -4.920e+01
7.000e+01 3.639e-01 7.000e-01 -9.120e-01 2.000e-01 -4.920e+01
7.000e+01 3.391e-01 7.000e-01 -8.987e-01 2.000e-01 -4.821e+01
7.000e+01 3.391e-01 7.000e-01 -8.987e-01 2.000e-01 -4.821e+01
7.000e+01 3.451e-01 7.000e-01 -9.029e-01 2.000e-01 -4.840e+01
7.000e+01 3.451e-01 7.000e-01 -9.029e-01 2.000e-01 -4.840e+01
7.000e+01 3.048e-01 7.000e-01 -9.082e-01 2.000e-01 -4.616e+01
7.000e+01 3.041e-01 7.000e-01 -9.068e-01 2.000e-01 -4.617e+01
7.000e+01 2.809e-01 7.000e-01 -9.062e-01 2.000e-01 -4.531e+01
7.000e+01 2.809e-01 7.000e-01 -9.062e-01 2.000e-01 -4.531e+01
7.000e+01 2.868e-01 7.000e-01 -9.054e-01 2.000e-01 -4.553e+01
7.000e+01 3.139e-01 7.000e-01 -9.061e-01 2.000e-01 -4.662e+01
7.000e+01 3.139e-01 7.000e-01 -9.061e-01 2.000e-01 -4.662e+01
7.000e+01 2.855e-01 7.000e-01 -9.121e-01 2.000e-01 -4.536e+01
7.000e+01 2.855e-01 7.000e-01 -9.121e-01 2.000e-01 -4.536e+01
7.000e+01 2.855e-01 7.000e-01 -9.121e-01 2.000e-01 -4.536e+01
7.000e+01 2.759e-01 7.000e-01 -9.120e-01 2.000e-01 -4.506e+01
7.000e+01 2.759e-01 7.000e-01 -9.120e-01 2.000e-01 -4.506e+01
7.000e+01 3.044e-01 7.000e-01 -9.156e-01 2.000e-01 -4.597e+01
7.000e+01 2.790e-01 7.000e-01 -9.187e-01 2.000e-01 -4.505e+01
7.000e+01 3.075e-01 7.000e-01 -9.067e-01 2.000e-01 -4.632e+01
7.000e+01 2.601e-01 7.000e-01 -9.126e-01 2.000e-01 -4.467e+01
7.000e+01 2.854e-01 7.000e-01 -9.079e-01 2.000e-01 -4.543e+01
7.000e+01 2.854e-01 7.000e-01 -9.079e-01 2.000e-01 -4.543e+01
7.000e+01 2.604e-01 7.000e-01 -9.079e-01 2.000e-01 -4.472e+01
7.000e+01 2.932e-01 7.000e-01 -9.035e-01 2.000e-01 -4.581e+01
7.000e+01 2.966e-01 7.000e-01 -9.021e-01 2.000e-01 -4.598e+01
7.000e+01 2.705e-01 7.000e-01 -9.073e-01 2.000e-01 -4.498e+01
7.000e+01 2.730e-01 7.000e-01 -8.994e-01 2.000e-01 -4.518e+01
7.000e+01 2.696e-01 7.000e-01 -8.913e-01 2.000e-01 -4.522e+01
7.000e+01 2.696e-01 7.000e-01 -8.913e-01 2.000e-01 -4.522e+01
7.000e+01 2.802e-01 7.000e-01 -8.933e-01 2.000e-01 -4.555e+01
7.000e+01 2.802e-01 7.000e-01 -8.933e-01 2.000e-01 -4.555e+01
7.000e+01 2.970e-01 7.000e-01 -8.952e-01 2.000e-01 -4.617e+01
7.000e+01 2.962e-01 7.000e-01 -8.886e-01 2.000e-01 -4.632e+01
7.000e+01 2.962e-01 7.000e-01 -8.886e-01 2.000e-01 -4.632e+01
7.000e+01 2.715e-01 7.000e-01 -8.871e-01 2.000e-01 -4.537e+01
7.000e+01 2.715e-01 7.000e-01 -8.871e-01 2.000e-01 -4.537e+01
7.000e+01 2.953e-01 7.000e-01 -8.813e-01 2.000e-01 -4.649e+01
7.000e+01 2.953e-01 7.000e-01 -8.813e-01 2.000e-01 -4.649e+01
7.000e+01 2.831e-01 7.000e-01 -8.772e-01 2.000e-01 -4.606e+01
7.000e+01 2.414e-01 7.000e-01 -8.704e-01 2.000e-01 -4.474e+01
7.000e+01 2.732e-01 7.000e-01 -8.681e-01 2.000e-01 -4.589e+01
7.000e+01 2.700e-01 7.000e-01 -8.684e-01 2.000e-01 -4.575e+01
7.000e+01 2.700e-01 7.000e-01 -8.684e-01 2.000e-01 -4.575e+01
7.000e+01 2.700e-01 7.000e-01 -8.684e-01 2.000e-01 -4.575e+01
7.000e+01 2.710e-01 7.000e-01 -8.724e-01 2.000e-01 -4.569e+01
7.000e+01 2.882e-01 7.000e-01 -8.759e-01 2.000e-01 -4.633e+01
7.000e+01 2.518e-01 7.000e-01 -8.768e-01 2.000e-01 -4.493e+01
7.000e+01 2.272e-01 7.000e-01 -8.693e-01 2.000e-01 -4.442e+01
7.000e+01 2.363e-01 7.000e-01 -8.668e-01 2.000e-01 -4.466e+01
7.000e+01 2.267e-01 7.000e-01 -8.690e-01 2.000e-01 -4.441e+01
7.000e+01 2.684e-01 7.000e-01 -8.652e-01 2.000e-01 -4.577e+01
7.000e+01 2.444e-01 7.000e-01 -8.663e-01 2.000e-01 -4.490e+01
7.000e+01 2.791e-01 7.000e-01 -8.659e-01 2.000e-01 -4.621e+01
7.000e+01 3.078e-01 7.000e-01 -8.606e-01 2.000e-01 -4.788e+01
7.000e+01 3.078e-01 7.000e-01 -8.606e-01 2.000e-01 -4.788e+01
7.000e+01 3.006e-01 7.000e-01 -8.570e-01 2.000e-01 -4.761e+01
7.000e+01 2.880e-01 7.000e-01 -8.614e-01 2.000e-01 -4.678e+01
7.000e+01 2.990e-01 7.000e-01 -8.518e-01 2.000e-01 -4.773e+01
7.000e+01 2.860e-01 7.000e-01 -8.590e-01 2.000e-01 -4.676e+01
7.000e+01 2.632e-01 7.000e-01 -8.595e-01 2.000e-01 -4.571e+01
7.000e+01 2.962e-01 7.000e-01 -8.688e-01 2.000e-01 -4.694e+01
7.000e+01 2.962e-01 7.000e-01 -8.688e-01 2.000e-01 -4.694e+01
7.000e+01 2.962e-01 7.000e-01 -8.688e-01 2.000e-01 -4.694e+01
7.000e+01 2.553e-01 7.000e-01 -8.725e-01 2.000e-01 -4.512e+01
7.000e+01 2.743e-01 7.000e-01 -8.672e-01 2.000e-01 -4.596e+01
7.000e+01 2.743e-01 7.000e-01 -8.672e-01 2.000e-01 -4.596e+01
7.000e+01 2.655e-01 7.000e-01 -8.730e-01 2.000e-01 -4.547e+01
7.000e+01 2.655e-01 7.000e-01 -8.730e-01 2.000e-01 -4.547e+01
7.000e+01 3.067e-01 7.000e-01 -8.696e-01 2.000e-01 -4.747e+01
7.000e+01 2.964e-01 7.000e-01 -8.671e-01 2.000e-01 -4.701e+01
7.000e+01 2.959e-01 7.000e-01 -8.654e-01 2.000e-01 -4.704e+01
7.000e+01 2.959e-01 7.000e-01 -8.654e-01 2.000e-01 -4.704e+01
7.000e+01 2.577e-01 7.000e-01 -8.681e-01 2.000e-01 -4.529e+01
7.000e+01 2.450e-01 7.000e-01 -8.697e-01 2.000e-01 -4.485e+01
7.000e+01 2.760e-01 7.000e-01 -8.704e-01 2.000e-01 -4.595e+01
7.000e+01 2.760e-01 7.000e-01 -8.704e-01 2.000e-01 -4.595e+01
7.000e+01 2.826e-01 7.000e-01 -8.654e-01 2.000e-01 -4.639e+01
7.000e+01 2.572e-01 7.000e-01 -8.659e-01 2.000e-01 -4.533e+01
7.000e+01 2.685e-01 7.000e-01 -8.662e-01 2.000e-01 -4.575e+01
7.000e+01 2.400e-01 7.000e-01 -8.658e-01 2.000e-01 -4.478e+01
7.000e+01 2.400e-01 7.000e-01 -8.658e-01 2.000e-01 -4.478e+01
7.000e+01 2.952e-01 7.000e-01 -8.613e-01 2.000e-01 -4.715e+01
7.000e+01 3.141e-01 7.000e-01 -8.549e-01 2.000e-01 -4.850e+01
7.000e+01 3.141e-01 7.000e-01 -8.549e-01 2.000e-01 -4.850e+01
7.000e+01 3.292e-01 7.000e-01 -8.520e-01 2.000e-01 -4.963e+01
7.000e+01 3.238e-01 7.000e-01 -8.515e-01 2.000e-01 -4.929e+01
7.000e+01 3.310e-01 7.000e-01 -8.575e-01 2.000e-01 -4.949e+01
7.000e+01 2.628e-01 7.000e-01 -8.402e-01 2.000e-01 -4.626e+01
7.000e+01 2.602e-01 7.000e-01 -8.412e-01 2.000e-01 -4.611e+01
7.000e+01 2.503e-01 7.000e-01 -8.405e-01 2.000e-01 -4.570e+01
7.000e+01 2.513e-01 7.000e-01 -8.391e-01 2.000e-01 -4.578e+01
7.000e+01 2.358e-01 7.000e-01 -8.434e-01 2.000e-01 -4.508e+01
7.000e+01 2.673e-01 7.000e-01 -8.416e-01 2.000e-01 -4.643e+01
7.000e+01 2.944e-01 7.000e-01 -8.387e-01 2.000e-01 -4.800e+01
7.000e+01 2.701e-01 7.000e-01 -8.391e-01 2.000e-01 -4.665e+01
7.000e+01 2.701e-01 7.000e-01 -8.391e-01 2.000e-01 -4.665e+01
7.000e+01 3.187e-01 7.000e-01 -8.457e-01 2.000e-01 -4.923e+01
7.000e+01 3.187e-01 7.000e-01 -8.457e-01 2.000e-01 -4.923e+01
7.000e+01 3.137e-01 7.000e-01 -8.520e-01 2.000e-01 -4.861e+01
7.000e+01 3.282e-01 7.000e-01 -8.554e-01 2.000e-01 -4.940e+01
7.000e+01 3.095e-01 7.000e-01 -8.541e-01 2.000e-01 -4.825e+01
7.000e+01 3.080e-01 7.000e-01 -8.498e-01 2.000e-01 -4.835e+01
7.000e+01 2.540e-01 7.000e-01 -8.487e-01 2.000e-01 -4.562e+01
7.000e+01 2.426e-01 7.000e-01 -8.518e-01 2.000e-01 -4.513e+01
7.000e+01 2.312e-01 7.000e-01 -8.601e-01 2.000e-01 -4.463e+01
7.000e+01 2.250e-01 7.000e-01 -8.626e-01 2.000e-01 -4.445e+01
7.000e+01 2.042e-01 7.000e-01 -8.608e-01 2.000e-01 -4.409e+01
7.000e+01 2.042e-01 7.000e-01 -8.608e-01 2.000e-01 -4.409e+01
7.000e+01 2.413e-01 7.000e-01 -8.620e-01 2.000e-01 -4.488e+01
7.000e+01 2.413e-01 7.000e-01 -8.620e-01 2.000e-01 -4.488e+01
7.000e+01 1.790e-01 7.000e-01 -8.574e-01 2.000e-01 -4.391e+01
7.000e+01 1.790e-01 7.000e-01 -8.574e-01 2.000e-01 -4.391e+01
7.000e+01 2.171e-01 7.000e-01 -8.498e-01 2.000e-01 -4.443e+01
7.000e+01 2.570e-01 7.000e-01 -8.432e-01 2.000e-01 -4.590e+01
7.000e+01 2.488e-01 7.000e-01 -8.428e-01 2.000e-01 -4.558e+01
7.000e+01 2.488e-01 7.000e-01 -8.428e-01 2.000e-01 -4.558e+01
7.000e+01 2.488e-01 7.000e-01 -8.428e-01 2.000e-01 -4.558e+01
7.000e+01 2.190e-01 7.000e-01 -8.428e-01 2.000e-01 -4.458e+01
7.000e+01 2.190e-01 7.000e-01 -8.428e-01 2.000e-01 -4.458e+01
7.000e+01 2.577e-01 7.000e-01 -8.345e-01 2.000e-01 -4.621e+01
7.000e+01 2.534e-01 7.000e-01 -8.401e-01 2.000e-01 -4.584e+01
7.000e+01 2.628e-01 7.000e-01 -8.436e-01 2.000e-01 -4.615e+01
7.000e+01 2.628e-01 7.000e-01 -8.436e-01 2.000e-01 -4.615e+01
7.000e+01 2.879e-01 7.000e-01 -8.323e-01 2.000e-01 -4.789e+01
7.000e+01 2.478e-01 7.000e-01 -8.213e-01 2.000e-01 -4.618e+01
7.000e+01 2.591e-01 7.000e-01 -8.212e-01 2.000e-01 -4.674e+01
7.000e+01 2.259e-01 7.000e-01 -8.265e-01 2.000e-01 -4.512e+01
7.000e+01 2.127e-01 7.000e-01 -8.287e-01 2.000e-01 -4.465e+01
7.000e+01 2.127e-01 7.000e-01 -8.287e-01 2.000e-01 -4.465e+01
7.000e+01 2.394e-01 7.000e-01 -8.319e-01 2.000e-01 -4.550e+01
7.000e+01 2.357e-01 7.000e-01 -8.339e-01 2.000e-01 -4.530e+01
7.000e+01 2.752e-01 7.000e-01 -8.375e-01 2.000e-01 -4.697e+01
7.000e+01 2.752e-01 7.000e-01 -8.375e-01 2.000e-01 -4.697e+01
7.000e+01 2.898e-01 7.000e-01 -8.394e-01 2.000e-01 -4.770e+01
7.000e+01 2.694e-01 7.000e-01 -8.406e-01 2.000e-01 -4.657e+01
7.000e+01 2.694e-01 7.000e-01 -8.406e-01 2.000e-01 -4.657e+01
7.000e+01 2.901e-01 7.000e-01 -8.440e-01 2.000e-01 -4.754e+01
7.000e+01 2.875e-01 7.000e-01 -8.418e-01 2.000e-01 -4.748e+01
7.000e+01 2.875e-01 7.000e-01 -8.418e-01 2.000e-01 -4.748e+01
7.000e+01 2.628e-01 7.000e-01 -8.305e-01 2.000e-01 -4.659e+01
7.000e+01 2.036e-01 7.000e-01 -8.310e-01 2.000e-01 -4.437e+01
7.000e+01 2.036e-01 7.000e-01 -8.310e-01 2.000e-01 -4.437e+01
7.000e+01 2.024e-01 7.000e-01 -8.357e-01 2.000e-01 -4.428e+01
7.000e+01 2.024e-01 7.000e-01 -8.357e-01 2.000e-01 -4.428e+01
7.000e+01 2.223e-01 7.000e-01 -8.357e-01 2.000e-01 -4.480e+01
7.000e+01 2.180e-01 7.000e-01 -8.444e-01 2.000e-01 -4.453e+01
7.000e+01 2.180e-01 7.000e-01 -8.444e-01 2.000e-01 -4.453e+01
7.000e+01 2.180e-01 7.000e-01 -8.444e-01 2.000e-01 -4.453e+01
7.000e+01 2.542e-01 7.000e-01 -8.463e-01 2.000e-01 -4.570e+01
7.000e+01 2.542e-01 7.000e-01 -8.463e-01 2.000e-01 -4.570e+01
7.000e+01 2.386e-01 7.000e-01 -8.425e-01 2.000e-01 -4.520e+01
7.000e+01 2.558e-01 7.000e-01 -8.488e-01 2.000e-01 -4.570e+01
7.000e+01 2.791e-01 7.000e-01 -8.506e-01 2.000e-01 -4.670e+01
7.000e+01 2.670e-01 7.000e-01 -8.503e-01 2.000e-01 -4.614e+01
7.000e+01 3.024e-01 7.000e-01 -8.528e-01 2.000e-01 -4.789e+01
7.000e+01 3.024e-01 7.000e-01 -8.528e-01 2.000e-01 -4.789e+01
7.000e+01 3.105e-01 7.000e-01 -8.496e-01 2.000e-01 -4.851e+01
7.000e+01 3.091e-01 7.000e-01 -8.526e-01 2.000e-01 -4.829e+01
7.000e+01 3.091e-01 7.000e-01 -8.526e-01 2.000e-01 -4.829e+01
7.000e+01 3.284e-01 7.000e-01 -8.577e-01 2.000e-01 -4.930e+01
7.000e+01 3.153e-01 7.000e-01 -8.641e-01 2.000e-01 -4.818e+01
7.000e+01 3.127e-01 7.000e-01 -8.632e-01 2.000e-01 -4.806e+01
7.000e+01 3.127e-01 7.000e-01 -8.632e-01 2.000e-01 -4.806e+01
7.000e+01 2.971e-01 7.000e-01 -8.639e-01 2.000e-01 -4.716e+01
7.000e+01 2.971e-01 7.000e-01 -8.639e-01 2.000e-01 -4.716e+01
7.000e+01 3.046e-01 7.000e-01 -8.667e-01 2.000e-01 -4.746e+01
7.000e+01 3.022e-01 7.000e-01 -8.708e-01 2.000e-01 -4.718e+01
7.000e+01 3.271e-01 7.000e-01 -8.755e-01 2.000e-01 -4.842e+01
7.000e+01 3.252e-01 7.000e-01 -8.764e-01 2.000e-01 -4.827e+01
7.000e+01 3.252e-01 7.000e-01 -8.764e-01 2.000e-01 -4.827e+01
7.000e+01 3.405e-01 7.000e-01 -8.731e-01 2.000e-01 -4.939e+01
7.000e+01 3.323e-01 7.000e-01 -8.675e-01 2.000e-01 -4.910e+01
7.000e+01 3.323e-01 7.000e-01 -8.675e-01 2.000e-01 -4.910e+01
7.000e+01 3.068e-01 7.000e-01 -8.577e-01 2.000e-01 -4.794e+01
7.000e+01 3.068e-01 7.000e-01 -8.577e-01 2.000e-01 -4.794e+01
7.000e+01 3.329e-01 7.000e-01 -8.534e-01 2.000e-01 -4.982e+01
7.000e+01 3.361e-01 7.000e-01 -8.468e-01 2.000e-01 -5.039e+01
7.000e+01 3.145e-01 7.000e-01 -8.444e-01 2.000e-01 -4.901e+01
7.000e+01 3.145e-01 7.000e-01 -8.444e-01 2.000e-01 -4.901e+01
7.000e+01 3.145e-01 7.000e-01 -8.444e-01 2.000e-01 -4.901e+01
7.000e+01 3.258e-01 7.000e-01 -8.500e-01 2.000e-01 -4.950e+01
7.000e+01 2.974e-01 7.000e-01 -8.512e-01 2.000e-01 -4.766e+01
7.000e+01 2.770e-01 7.000e-01 -8.448e-01 2.000e-01 -4.680e+01
7.000e+01 2.770e-01 7.000e-01 -8.448e-01 2.000e-01 -4.680e+01
7.000e+01 2.794e-01 7.000e-01 -8.465e-01 2.000e-01 -4.686e+01
7.000e+01 2.516e-01 7.000e-01 -8.427e-01 2.000e-01 -4.569e+01
7.000e+01 2.516e-01 7.000e-01 -8.427e-01 2.000e-01 -4.569e+01
7.000e+01 2.780e-01 7.000e-01 -8.338e-01 2.000e-01 -4.727e+01
7.000e+01 2.780e-01 7.000e-01 -8.338e-01 2.000e-01 -4.727e+01
7.000e+01 2.899e-01 7.000e-01 -8.286e-01 2.000e-01 -4.817e+01
7.000e+01 2.704e-01 7.000e-01 -8.304e-01 2.000e-01 -4.698e+01
7.000e+01 2.953e-01 7.000e-01 -8.203e-01 2.000e-01 -4.891e+01
7.000e+01 2.717e-01 7.000e-01 -8.168e-01 2.000e-01 -4.761e+01
7.000e+01 2.700e-01 7.000e-01 -8.246e-01 2.000e-01 -4.719e+01
7.000e+01 2.161e-01 7.000e-01 -8.222e-01 2.000e-01 -4.489e+01
7.000e+01 2.294e-01 7.000e-01 -8.287e-01 2.000e-01 -4.520e+01
7.000e+01 2.394e-01 7.000e-01 -8.331e-01 2.000e-01 -4.547e+01
7.000e+01 2.394e-01 7.000e-01 -8.331e-01 2.000e-01 -4.547e+01
7.000e+01 2.726e-01 7.000e-01 -8.281e-01 2.000e-01 -4.720e+01
7.000e+01 2.552e-01 7.000e-01 -8.237e-01 2.000e-01 -4.645e+01
7.000e+01 2.601e-01 7.000e-01 -8.244e-01 2.000e-01 -4.668e+01
7.000e+01 2.656e-01 7.000e-01 -8.294e-01 2.000e-01 -4.677e+01
7.000e+01 2.656e-01 7.000e-01 -8.294e-01 2.000e-01 -4.677e+01
7.000e+01 2.859e-01 7.000e-01 -8.252e-01 2.000e-01 -4.809e+01
7.000e+01 2.701e-01 7.000e-01 -8.354e-01 2.000e-01 -4.678e+01
7.000e+01 2.810e-01 7.000e-01 -8.437e-01 2.000e-01 -4.705e+01
7.000e+01 2.822e-01 7.000e-01 -8.362e-01 2.000e-01 -4.740e+01
7.000e+01 2.782e-01 7.000e-01 -8.400e-01 2.000e-01 -4.704e+01
7.000e+01 2.829e-01 7.000e-01 -8.461e-01 2.000e-01 -4.706e+01
7.000e+01 2.829e-01 7.000e-01 -8.461e-01 2.000e-01 -4.706e+01
7.000e+01 2.867e-01 7.000e-01 -8.344e-01 2.000e-01 -4.773e+01
7.000e+01 2.867e-01 7.000e-01 -8.344e-01 2.000e-01 -4.773e+01
7.000e+01 2.775e-01 7.000e-01 -8.278e-01 2.000e-01 -4.748e+01
7.000e+01 2.470e-01 7.000e-01 -8.212e-01 2.000e-01 -4.615e+01
7.000e+01 2.296e-01 7.000e-01 -8.245e-01 2.000e-01 -4.532e+01
7.000e+01 2.323e-01 7.000e-01 -8.237e-01 2.000e-01 -4.544e+01
7.000e+01 2.180e-01 7.000e-01 -8.301e-01 2.000e-01 -4.478e+01
7.000e+01 2.655e-01 7.000e-01 -8.339e-01 2.000e-01 -4.660e+01
7.000e+01 2.655e-01 7.000e-01 -8.339e-01 2.000e-01 -4.660e+01
7.000e+01 3.032e-01 7.000e-01 -8.347e-01 2.000e-01 -4.873e+01
7.000e+01 3.089e-01 7.000e-01 -8.373e-01 2.000e-01 -4.898e+01
7.000e+01 2.740e-01 7.000e-01 -8.395e-01 2.000e-01 -4.684e+01
7.000e+01 2.456e-01 7.000e-01 -8.471e-01 2.000e-01 -4.534e+01
7.000e+01 2.456e-01 7.000e-01 -8.471e-01 2.000e-01 -4.534e+01
7.000e+01 2.537e-01 7.000e-01 -8.457e-01 2.000e-01 -4.569e+01
7.000e+01 2.537e-01 7.000e-01 -8.457e-01 2.000e-01 -4.569e+01
7.000e+01 2.545e-01 7.000e-01 -8.416e-01 2.000e-01 -4.585e+01
7.000e+01 2.545e-01 7.000e-01 -8.416e-01 2.000e-01 -4.585e+01
7.000e+01 2.806e-01 7.000e-01 -8.418e-01 2.000e-01 -4.710e+01
7.000e+01 2.403e-01 7.000e-01 -8.358e-01 2.000e-01 -4.543e+01
7.000e+01 2.403e-01 7.000e-01 -8.358e-01 2.000e-01 -4.543e+01
7.000e+01 2.428e-01 7.000e-01 -8.322e-01 2.000e-01 -4.563e+01
7.000e+01 2.428e-01 7.000e-01 -8.322e-01 2.000e-01 -4.563e+01
7.000e+01 2.277e-01 7.000e-01 -8.284e-01 2.000e-01 -4.515e+01
7.000e+01 2.600e-01 7.000e-01 -8.246e-01 2.000e-01 -4.667e+01
7.000e+01 2.600e-01 7.000e-01 -8.246e-01 2.000e-01 -4.667e+01
7.000e+01 2.312e-01 7.000e-01 -8.205e-01 2.000e-01 -4.549e+01
7.000e+01 2.312e-01 7.000e-01 -8.205e-01 2.000e-01 -4.549e+01
7.000e+01 2.302e-01 7.000e-01 -8.169e-01 2.000e-01 -4.554e+01
7.000e+01 2.302e-01 7.000e-01 -8.169e-01 2.000e-01 -4.554e+01
7.000e+01 2.536e-01 7.000e-01 -8.251e-01 2.000e-01 -4.633e+01
7.000e+01 2.754e-01 7.000e-01 -8.149e-01 2.000e-01 -4.791e+01
7.000e+01 2.612e-01 7.000e-01 -8.112e-01 2.000e-01 -4.725e+01
7.000e+01 2.463e-01 7.000e-01 -8.098e-01 2.000e-01 -4.651e+01
7.000e+01 2.518e-01 7.000e-01 -8.114e-01 2.000e-01 -4.674e+01
7.000e+01 2.639e-01 7.000e-01 -8.139e-01 2.000e-01 -4.729e+01
7.000e+01 2.639e-01 7.000e-01 -8.139e-01 2.000e-01 -4.729e+01
7.000e+01 2.678e-01 7.000e-01 -8.056e-01 2.000e-01 -4.788e+01
7.000e+01 2.364e-01 7.000e-01 -8.095e-01 2.000e-01 -4.605e+01
7.000e+01 2.451e-01 7.000e-01 -8.176e-01 2.000e-01 -4.618e+01
7.000e+01 2.451e-01 7.000e-01 -8.176e-01 2.000e-01 -4.618e+01
7.000e+01 2.769e-01 7.000e-01 -8.269e-01 2.000e-01 -4.748e+01
7.000e+01 2.792e-01 7.000e-01 -8.230e-01 2.000e-01 -4.778e+01
7.000e+01 2.664e-01 7.000e-01 -8.231e-01 2.000e-01 -4.706e+01
7.000e+01 2.664e-01 7.000e-01 -8.231e-01 2.000e-01 -4.706e+01
7.000e+01 2.619e-01 7.000e-01 -8.285e-01 2.000e-01 -4.661e+01
7.000e+01 2.284e-01 7.000e-01 -8.274e-01 2.000e-01 -4.519e+01
7.000e+01 2.504e-01 7.000e-01 -8.269e-01 2.000e-01 -4.612e+01
7.000e+01 2.504e-01 7.000e-01 -8.269e-01 2.000e-01 -4.612e+01
7.000e+01 2.402e-01 7.000e-01 -8.203e-01 2.000e-01 -4.587e+01
7.000e+01 2.402e-01 7.000e-01 -8.203e-01 2.000e-01 -4.587e+01
7.000e+01 2.540e-01 7.000e-01 -8.197e-01 2.000e-01 -4.654e+01
7.000e+01 2.363e-01 7.000e-01 -8.200e-01 2.000e-01 -4.571e+01
7.000e+01 2.340e-01 7.000e-01 -8.175e-01 2.000e-01 -4.569e+01
7.000e+01 2.340e-01 7.000e-01 -8.175e-01 2.000e-01 -4.569e+01
7.000e+01 2.461e-01 7.000e-01 -8.117e-01 2.000e-01 -4.644e+01
7.000e+01 2.780e-01 7.000e-01 -8.216e-01 2.000e-01 -4.777e+01
7.000e+01 2.963e-01 7.000e-01 -8.167e-01 2.000e-01 -4.916e+01
7.000e+01 2.489e-01 7.000e-01 -8.098e-01 2.000e-01 -4.665e+01
7.000e+01 2.535e-01 7.000e-01 -8.208e-01 2.000e-01 -4.647e+01
7.000e+01 2.275e-01 7.000e-01 -8.309e-01 2.000e-01 -4.508e+01
7.000e+01 2.275e-01 7.000e-01 -8.309e-01 2.000e-01 -4.508e+01
7.000e+01 2.472e-01 7.000e-01 -8.287e-01 2.000e-01 -4.592e+01
7.000e+01 2.456e-01 7.000e-01 -8.219e-01 2.000e-01 -4.606e+01
7.000e+01 2.761e-01 7.000e-01 -8.220e-01 2.000e-01 -4.764e+01
7.000e+01 2.780e-01 7.000e-01 -8.241e-01 2.000e-01 -4.766e+01
7.000e+01 2.684e-01 7.000e-01 -8.308e-01 2.000e-01 -4.687e+01
7.000e+01 2.292e-01 7.000e-01 -8.312e-01 2.000e-01 -4.513e+01
7.000e+01 2.460e-01 7.000e-01 -8.287e-01 2.000e-01 -4.587e+01
7.000e+01 2.460e-01 7.000e-01 -8.287e-01 2.000e-01 -4.587e+01
7.000e+01 2.644e-01 7.000e-01 -8.207e-01 2.000e-01 -4.704e+01
7.000e+01 2.590e-01 7.000e-01 -8.140e-01 2.000e-01 -4.702e+01
7.000e+01 2.576e-01 7.000e-01 -8.218e-01 2.000e-01 -4.665e+01
7.000e+01 2.576e-01 7.000e-01 -8.218e-01 2.000e-01 -4.665e+01
7.000e+01 2.285e-01 7.000e-01 -8.150e-01 2.000e-01 -4.553e+01
7.000e+01 2.285e-01 7.000e-01 -8.150e-01 2.000e-01 -4.553e+01
7.000e+01 2.348e-01 7.000e-01 -8.108e-01 2.000e-01 -4.593e+01
7.000e+01 2.147e-01 7.000e-01 -8.076e-01 2.000e-01 -4.520e+01
7.000e+01 1.950e-01 7.000e-01 -8.035e-01 2.000e-01 -4.463e+01
7.000e+01 1.950e-01 7.000e-01 -8.035e-01 2.000e-01 -4.463e+01
7.000e+01 1.950e-01 7.000e-01 -8.035e-01 2.000e-01 -4.463e+01
7.000e+01 1.950e-01 7.000e-01 -8.035e-01 2.000e-01 -4.463e+01
7.000e+01 2.123e-01 7.000e-01 -7.985e-01 2.000e-01 -4.536e+01
7.000e+01 2.323e-01 7.000e-01 -7.962e-01 2.000e-01 -4.632e+01
7.000e+01 2.245e-01 7.000e-01 -7.922e-01 2.000e-01 -4.609e+01
7.000e+01 2.506e-01 7.000e-01 -7.878e-01 2.000e-01 -4.766e+01
7.000e+01 2.499e-01 7.000e-01 -7.919e-01 2.000e-01 -4.744e+01
7.000e+01 2.508e-01 7.000e-01 -7.935e-01 2.000e-01 -4.742e+01
7.000e+01 2.638e-01 7.000e-01 -7.866e-01 2.000e-01 -4.854e+01
7.000e+01 2.691e-01 7.000e-01 -7.949e-01 2.000e-01 -4.847e+01
7.000e+01 2.345e-01 7.000e-01 -7.895e-01 2.000e-01 -4.669e+01
7.000e+01 2.519e-01 7.000e-01 -7.874e-01 2.000e-01 -4.776e+01
7.000e+01 2.387e-01 7.000e-01 -7.795e-01 2.000e-01 -4.734e+01
7.000e+01 2.387e-01 7.000e-01 -7.795e-01 2.000e-01 -4.734e+01
7.000e+01 2.456e-01 7.000e-01 -7.782e-01 2.000e-01 -4.781e+01
7.000e+01 2.379e-01 7.000e-01 -7.890e-01 2.000e-01 -4.689e+01
7.000e+01 2.507e-01 7.000e-01 -7.894e-01 2.000e-01 -4.760e+01
7.000e+01 2.507e-01 7.000e-01 -7.894e-01 2.000e-01 -4.760e+01
7.000e+01 2.460e-01 7.000e-01 -7.920e-01 2.000e-01 -4.721e+01
7.000e+01 2.460e-01 7.000e-01 -7.920e-01 2.000e-01 -4.721e+01
7.000e+01 2.306e-01 7.000e-01 -7.909e-01 2.000e-01 -4.644e+01
7.000e+01 2.246e-01 7.000e-01 -7.851e-01 2.000e-01 -4.636e+01
7.000e+01 2.588e-01 7.000e-01 -7.809e-01 2.000e-01 -4.850e+01
7.000e+01 2.319e-01 7.000e-01 -7.711e-01 2.000e-01 -4.734e+01
7.000e+01 2.986e-01 7.000e-01 -7.700e-01 2.000e-01 -5.208e+01
7.000e+01 3.039e-01 7.000e-01 -7.700e-01 2.000e-01 -5.252e+01
7.000e+01 2.802e-01 7.000e-01 -7.738e-01 2.000e-01 -5.039e+01
7.000e+01 2.736e-01 7.000e-01 -7.799e-01 2.000e-01 -4.956e+01
7.000e+01 2.824e-01 7.000e-01 -7.830e-01 2.000e-01 -5.002e+01
7.000e+01 2.824e-01 7.000e-01 -7.830e-01 2.000e-01 -5.002e+01
7.000e+01 2.824e-01 7.000e-01 -7.830e-01 2.000e-01 -5.002e+01
7.000e+01 3.058e-01 7.000e-01 -7.785e-01 2.000e-01 -5.211e+01
7.000e+01 3.058e-01 7.000e-01 -7.785e-01 2.000e-01 -5.211e+01
7.000e+01 3.123e-01 7.000e-01 -7.832e-01 2.000e-01 -5.233e+01
7.000e+01 3.033e-01 7.000e-01 -7.836e-01 2.000e-01 -5.156e+01
7.000e+01 2.915e-01 7.000e-01 -7.872e-01 2.000e-01 -5.044e+01
7.000e+01 2.806e-01 7.000e-01 -7.961e-01 2.000e-01 -4.916e+01
7.000e+01 2.806e-01 7.000e-01 -7.961e-01 2.000e-01 -4.916e+01
7.000e+01 3.121e-01 7.000e-01 -7.895e-01 2.000e-01 -5.189e+01
7.000e+01 3.077e-01 7.000e-01 -7.917e-01 2.000e-01 -5.141e+01
7.000e+01 2.891e-01 7.000e-01 -7.893e-01 2.000e-01 -5.014e+01
7.000e+01 2.855e-01 7.000e-01 -7.897e-01 2.000e-01 -4.985e+01
7.000e+01 2.499e-01 7.000e-01 -7.870e-01 2.000e-01 -4.766e+01
7.000e+01 2.499e-01 7.000e-01 -7.870e-01 2.000e-01 -4.766e+01
7.000e+01 2.565e-01 7.000e-01 -7.915e-01 2.000e-01 -4.784e+01
7.000e+01 2.533e-01 7.000e-01 -7.917e-01 2.000e-01 -4.765e+01
7.000e+01 2.683e-01 7.000e-01 -7.893e-01 2.000e-01 -4.869e+01
7.000e+01 2.559e-01 7.000e-01 -7.860e-01 2.000e-01 -4.807e+01
7.000e+01 3.006e-01 7.000e-01 -7.845e-01 2.000e-01 -5.130e+01
7.000e+01 2.928e-01 7.000e-01 -7.907e-01 2.000e-01 -5.033e+01
7.000e+01 2.928e-01 7.000e-01 -7.907e-01 2.000e-01 -5.033e+01
7.000e+01 2.886e-01 7.000e-01 -7.870e-01 2.000e-01 -5.023e+01
7.000e+01 2.777e-01 7.000e-01 -7.838e-01 2.000e-01 -4.963e+01
7.000e+01 2.414e-01 7.000e-01 -7.816e-01 2.000e-01 -4.741e+01
7.000e+01 2.414e-01 7.000e-01 -7.816e-01 2.000e-01 -4.741e+01
7.000e+01 2.372e-01 7.000e-01 -7.861e-01 2.000e-01 -4.697e+01
7.000e+01 2.372e-01 7.000e-01 -7.861e-01 2.000e-01 -4.697e+01
7.000e+01 2.198e-01 7.000e-01 -7.785e-01 2.000e-01 -4.638e+01
7.000e+01 2.198e-01 7.000e-01 -7.785e-01 2.000e-01 -4.638e+01
7.000e+01 3.071e-01 7.000e-01 -7.725e-01 2.000e-01 -5.261e+01
7.000e+01 3.071e-01 7.000e-01 -7.725e-01 2.000e-01 -5.261e+01
7.000e+01 3.068e-01 7.000e-01 -7.684e-01 2.000e-01 -5.287e+01
7.000e+01 2.767e-01 7.000e-01 -7.688e-01 2.000e-01 -5.043e+01
7.000e+01 2.767e-01 7.000e-01 -7.688e-01 2.000e-01 -5.043e+01
7.000e+01 2.767e-01 7.000e-01 -7.688e-01 2.000e-01 -5.043e+01
7.000e+01 2.967e-01 7.000e-01 -7.646e-01 2.000e-01 -5.229e+01
7.000e+01 2.956e-01 7.000e-01 -7.586e-01 2.000e-01 -5.261e+01
7.000e+01 3.013e-01 7.000e-01 -7.629e-01 2.000e-01 -5.279e+01
7.000e+01 2.697e-01 7.000e-01 -7.625e-01 2.000e-01 -5.030e+01
7.000e+01 2.697e-01 7.000e-01 -7.625e-01 2.000e-01 -5.030e+01
7.000e+01 2.728e-01 7.000e-01 -7.497e-01 2.000e-01 -5.135e+01
7.000e+01 2.728e-01 7.000e-01 -7.497e-01 2.000e-01 -5.135e+01
7.000e+01 2.837e-01 7.000e-01 -7.508e-01 2.000e-01 -5.216e+01
7.000e+01 2.730e-01 7.000e-01 -7.452e-01 2.000e-01 -5.166e+01
7.000e+01 2.730e-01 7.000e-01 -7.452e-01 2.000e-01 -5.166e+01
7.000e+01 2.632e-01 7.000e-01 -7.347e-01 2.000e-01 -5.160e+01
7.000e+01 2.524e-01 7.000e-01 -7.441e-01 2.000e-01 -5.014e+01
7.000e+01 2.349e-01 7.000e-01 -7.340e-01 2.000e-01 -4.949e+01
7.000e+01 2.273e-01 7.000e-01 -7.374e-01 2.000e-01 -4.877e+01
7.000e+01 2.107e-01 7.000e-01 -7.422e-01 2.000e-01 -4.747e+01
7.000e+01 2.457e-01 7.000e-01 -7.287e-01 2.000e-01 -5.062e+01
7.000e+01 1.983e-01 7.000e-01 -7.274e-01 2.000e-01 -4.747e+01
7.000e+01 2.410e-01 7.000e-01 -7.309e-01 2.000e-01 -5.012e+01
7.000e+01 2.298e-01 7.000e-01 -7.310e-01 2.000e-01 -4.931e+01
7.000e+01 2.432e-01 7.000e-01 -7.312e-01 2.000e-01 -5.027e+01
7.000e+01 2.432e-01 7.000e-01 -7.312e-01 2.000e-01 -5.027e+01
7.000e+01 2.425e-01 7.000e-01 -7.296e-01 2.000e-01 -5.032e+01
7.000e+01 2.653e-01 7.000e-01 -7.284e-01 2.000e-01 -5.221e+01
7.000e+01 2.443e-01 7.000e-01 -7.342e-01 2.000e-01 -5.016e+01
7.000e+01 2.177e-01 7.000e-01 -7.346e-01 2.000e-01 -4.829e+01
7.000e+01 2.087e-01 7.000e-01 -7.381e-01 2.000e-01 -4.755e+01
7.000e+01 2.087e-01 7.000e-01 -7.381e-01 2.000e-01 -4.755e+01
7.000e+01 2.061e-01 7.000e-01 -7.343e-01 2.000e-01 -4.758e+01
7.000e+01 2.199e-01 7.000e-01 -7.269e-01 2.000e-01 -4.887e+01
7.000e+01 2.199e-01 7.000e-01 -7.269e-01 2.000e-01 -4.887e+01
7.000e+01 2.199e-01 7.000e-01 -7.269e-01 2.000e-01 -4.887e+01
7.000e+01 2.433e-01 7.000e-01 -7.243e-01 2.000e-01 -5.073e+01
7.000e+01 2.433e-01 7.000e-01 -7.243e-01 2.000e-01 -5.073e+01
7.000e+01 2.326e-01 7.000e-01 -7.278e-01 2.000e-01 -4.970e+01
7.000e+01 2.312e-01 7.000e-01 -7.352e-01 2.000e-01 -4.916e+01
7.000e+01 2.637e-01 7.000e-01 -7.358e-01 2.000e-01 -5.156e+01
7.000e+01 2.493e-01 7.000e-01 -7.282e-01 2.000e-01 -5.093e+01
7.000e+01 2.835e-01 7.000e-01 -7.260e-01 2.000e-01 -5.397e+01
7.000e+01 2.832e-01 7.000e-01 -7.282e-01 2.000e-01 -5.377e+01
7.000e+01 2.700e-01 7.000e-01 -7.301e-01 2.000e-01 -5.248e+01
7.000e+01 2.552e-01 7.000e-01 -7.296e-01 2.000e-01 -5.130e+01
7.000e+01 2.315e-01 7.000e-01 -7.286e-01 2.000e-01 -4.958e+01
7.000e+01 2.315e-01 7.000e-01 -7.286e-01 2.000e-01 -4.958e+01
7.000e+01 2.424e-01 7.000e-01 -7.265e-01 2.000e-01 -5.051e+01
7.000e+01 2.424e-01 7.000e-01 -7.265e-01 2.000e-01 -5.051e+01
7.000e+01 2.615e-01 7.000e-01 -7.250e-01 2.000e-01 -5.214e+01
7.000e+01 2.407e-01 7.000e-01 -7.203e-01 2.000e-01 -5.080e+01
7.000e+01 2.407e-01 7.000e-01 -7.203e-01 2.000e-01 -5.080e+01
7.000e+01 2.189e-01 7.000e-01 -7.236e-01 2.000e-01 -4.899e+01
7.000e+01 2.189e-01 7.000e-01 -7.236e-01 2.000e-01 -4.899e+01
7.000e+01 2.921e-01 7.000e-01 -7.208e-01 2.000e-01 -5.518e+01
7.000e+01 2.921e-01 7.000e-01 -7.208e-01 2.000e-01 -5.518e+01
7.000e+01 2.567e-01 7.000e-01 -7.185e-01 2.000e-01 -5.221e+01
7.000e+01 1.993e-01 7.000e-01 -7.229e-01 2.000e-01 -4.776e+01
7.000e+01 2.040e-01 7.000e-01 -7.251e-01 2.000e-01 -4.794e+01
7.000e+01 2.069e-01 7.000e-01 -7.305e-01 2.000e-01 -4.783e+01
7.000e+01 2.069e-01 7.000e-01 -7.305e-01 2.000e-01 -4.783e+01
7.000e+01 2.062e-01 7.000e-01 -7.397e-01 2.000e-01 -4.733e+01
7.000e+01 2.062e-01 7.000e-01 -7.397e-01 2.000e-01 -4.733e+01
7.000e+01 1.739e-01 7.000e-01 -7.405e-01 2.000e-01 -4.562e+01
7.000e+01 1.739e-01 7.000e-01 -7.405e-01 2.000e-01 -4.562e+01
7.000e+01 1.289e-01 7.000e-01 -7.520e-01 2.000e-01 -4.386e+01
7.000e+01 1.289e-01 7.000e-01 -7.520e-01 2.000e-01 -4.386e+01
7.000e+01 1.231e-01 7.000e-01 -7.604e-01 2.000e-01 -4.367e+01
7.000e+01 1.231e-01 7.000e-01 -7.604e-01 2.000e-01 -4.367e+01
7.000e+01 1.584e-01 7.000e-01 -7.585e-01 2.000e-01 -4.450e+01
7.000e+01 1.639e-01 7.000e-01 -7.684e-01 2.000e-01 -4.444e+01
7.000e+01 1.639e-01 7.000e-01 -7.684e-01 2.000e-01 -4.444e+01
7.000e+01 1.648e-01 7.000e-01 -7.698e-01 2.000e-01 -4.444e+01
7.000e+01 1.991e-01 7.000e-01 -7.740e-01 2.000e-01 -4.557e+01
7.000e+01 2.348e-01 7.000e-01 -7.732e-01 2.000e-01 -4.741e+01
7.000e+01 2.504e-01 7.000e-01 -7.788e-01 2.000e-01 -4.808e+01
7.000e+01 2.504e-01 7.000e-01 -7.788e-01 2.000e-01 -4.808e+01
7.000e+01 2.448e-01 7.000e-01 -7.773e-01 2.000e-01 -4.781e+01
7.000e+01 2.162e-01 7.000e-01 -7.759e-01 2.000e-01 -4.629e+01
7.000e+01 2.162e-01 7.000e-01 -7.759e-01 2.000e-01 -4.629e+01
7.000e+01 2.067e-01 7.000e-01 -7.697e-01 2.000e-01 -4.606e+01
7.000e+01 2.245e-01 7.000e-01 -7.709e-01 2.000e-01 -4.693e+01
7.000e+01 2.629e-01 7.000e-01 -7.743e-01 2.000e-01 -4.913e+01
7.000e+01 2.629e-01 7.000e-01 -7.743e-01 2.000e-01 -4.913e+01
7.000e+01 2.529e-01 7.000e-01 -7.661e-01 2.000e-01 -4.889e+01
7.000e+01 2.607e-01 7.000e-01 -7.643e-01 2.000e-01 -4.954e+01
7.000e+01 2.607e-01 7.000e-01 -7.643e-01 2.000e-01 -4.954e+01
7.000e+01 2.754e-01 7.000e-01 -7.687e-01 2.000e-01 -5.034e+01
7.000e+01 2.754e-01 7.000e-01 -7.687e-01 2.000e-01 -5.034e+01
7.000e+01 2.512e-01 7.000e-01 -7.720e-01 2.000e-01 -4.847e+01
7.000e+01 2.536e-01 7.000e-01 -7.758e-01 2.000e-01 -4.843e+01
7.000e+01 2.681e-01 7.000e-01 -7.758e-01 2.000e-01 -4.940e+01
7.000e+01 2.820e-01 7.000e-01 -7.793e-01 2.000e-01 -5.020e+01
7.000e+01 2.840e-01 7.000e-01 -7.875e-01 2.000e-01 -4.987e+01
7.000e+01 2.736e-01 7.000e-01 -7.843e-01 2.000e-01 -4.931e+01
7.000e+01 2.776e-01 7.000e-01 -7.831e-01 2.000e-01 -4.966e+01
7.000e+01 2.229e-01 7.000e-01 -7.812e-01 2.000e-01 -4.642e+01
7.000e+01 2.485e-01 7.000e-01 -7.838e-01 2.000e-01 -4.773e+01
7.000e+01 2.485e-01 7.000e-01 -7.838e-01 2.000e-01 -4.773e+01
7.000e+01 2.679e-01 7.000e-01 -7.875e-01 2.000e-01 -4.876e+01
7.000e+01 2.859e-01 7.000e-01 -7.927e-01 2.000e-01 -4.972e+01
7.000e+01 2.424e-01 7.000e-01 -7.917e-01 2.000e-01 -4.703e+01
7.000e+01 2.424e-01 7.000e-01 -7.917e-01 2.000e-01 -4.703e+01
7.000e+01 2.662e-01 7.000e-01 -7.976e-01 2.000e-01 -4.815e+01
7.000e+01 2.905e-01 7.000e-01 -7.934e-01 2.000e-01 -5.000e+01
7.000e+01 1.974e-01 7.000e-01 -7.894e-01 2.000e-01 -4.504e+01
7.000e+01 1.974e-01 7.000e-01 -7.894e-01 2.000e-01 -4.504e+01
7.000e+01 1.944e-01 7.000e-01 -7.877e-01 2.000e-01 -4.498e+01
7.000e+01 2.259e-01 7.000e-01 -7.941e-01 2.000e-01 -4.609e+01
7.000e+01 2.259e-01 7.000e-01 -7.941e-01 2.000e-01 -4.609e+01
7.000e+01 2.671e-01 7.000e-01 -7.980e-01 2.000e-01 -4.819e+01
7.000e+01 2.411e-01 7.000e-01 -8.050e-01 2.000e-01 -4.643e+01
7.000e+01 2.411e-01 7.000e-01 -8.050e-01 2.000e-01 -4.643e+01
7.000e+01 2.553e-01 7.000e-01 -8.054e-01 2.000e-01 -4.716e+01
7.000e+01 2.268e-01 7.000e-01 -8.071e-01 2.000e-01 -4.570e+01
7.000e+01 2.687e-01 7.000e-01 -8.046e-01 2.000e-01 -4.797e+01
7.000e+01 2.690e-01 7.000e-01 -8.007e-01 2.000e-01 -4.818e+01
7.000e+01 2.690e-01 7.000e-01 -8.007e-01 2.000e-01 -4.818e+01
7.000e+01 3.051e-01 7.000e-01 -8.083e-01 2.000e-01 -5.023e+01
7.000e+01 2.932e-01 7.000e-01 -8.134e-01 2.000e-01 -4.912e+01
7.000e+01 3.014e-01 7.000e-01 -8.172e-01 2.000e-01 -4.948e+01
7.000e+01 3.030e-01 7.000e-01 -8.122e-01 2.000e-01 -4.986e+01
7.000e+01 2.910e-01 7.000e-01 -8.056e-01 2.000e-01 -4.937e+01
7.000e+01 2.910e-01 7.000e-01 -8.056e-01 2.000e-01 -4.937e+01
7.000e+01 2.856e-01 7.000e-01 -8.088e-01 2.000e-01 -4.884e+01
7.000e+01 2.895e-01 7.000e-01 -8.102e-01 2.000e-01 -4.903e+01
7.000e+01 3.021e-01 7.000e-01 -8.137e-01 2.000e-01 -4.971e+01
7.000e+01 2.979e-01 7.000e-01 -8.121e-01 2.000e-01 -4.951e+01
7.000e+01 2.789e-01 7.000e-01 -8.065e-01 2.000e-01 -4.852e+01
7.000e+01 2.605e-01 7.000e-01 -7.999e-01 2.000e-01 -4.770e+01
7.000e+01 2.763e-01 7.000e-01 -8.000e-01 2.000e-01 -4.868e+01
7.000e+01 2.876e-01 7.000e-01 -8.076e-01 2.000e-01 -4.903e+01
7.000e+01 2.787e-01 7.000e-01 -8.082e-01 2.000e-01 -4.843e+01
7.000e+01 2.773e-01 7.000e-01 -8.050e-01 2.000e-01 -4.849e+01
7.000e+01 2.401e-01 7.000e-01 -8.037e-01 2.000e-01 -4.644e+01
7.000e+01 2.491e-01 7.000e-01 -7.942e-01 2.000e-01 -4.729e+01
7.000e+01 2.491e-01 7.000e-01 -7.942e-01 2.000e-01 -4.729e+01
7.000e+01 2.567e-01 7.000e-01 -7.935e-01 2.000e-01 -4.776e+01
7.000e+01 2.725e-01 7.000e-01 -7.943e-01 2.000e-01 -4.871e+01
7.000e+01 2.689e-01 7.000e-01 -7.905e-01 2.000e-01 -4.868e+01
7.000e+01 2.689e-01 7.000e-01 -7.905e-01 2.000e-01 -4.868e+01
7.000e+01 2.689e-01 7.000e-01 -7.905e-01 2.000e-01 -4.868e+01
7.000e+01 2.884e-01 7.000e-01 -7.899e-01 2.000e-01 -5.005e+01
7.000e+01 2.884e-01 7.000e-01 -7.899e-01 2.000e-01 -5.005e+01
7.000e+01 3.125e-01 7.000e-01 -7.848e-01 2.000e-01 -5.224e+01
7.000e+01 2.647e-01 7.000e-01 -7.851e-01 2.000e-01 -4.868e+01
7.000e+01 2.632e-01 7.000e-01 -7.774e-01 2.000e-01 -4.898e+01
7.000e+01 2.360e-01 7.000e-01 -7.820e-01 2.000e-01 -4.708e+01
7.000e+01 2.360e-01 7.000e-01 -7.820e-01 2.000e-01 -4.708e+01
7.000e+01 2.360e-01 7.000e-01 -7.820e-01 2.000e-01 -4.708e+01
7.000e+01 2.826e-01 7.000e-01 -7.754e-01 2.000e-01 -5.048e+01
7.000e+01 2.425e-01 7.000e-01 -7.726e-01 2.000e-01 -4.789e+01
7.000e+01 2.425e-01 7.000e-01 -7.726e-01 2.000e-01 -4.789e+01
7.000e+01 2.262e-01 7.000e-01 -7.717e-01 2.000e-01 -4.699e+01
7.000e+01 2.154e-01 7.000e-01 -7.718e-01 2.000e-01 -4.641e+01
7.000e+01 2.135e-01 7.000e-01 -7.674e-01 2.000e-01 -4.649e+01
7.000e+01 2.425e-01 7.000e-01 -7.583e-01 2.000e-01 -4.862e+01
7.000e+01 2.576e-01 7.000e-01 -7.509e-01 2.000e-01 -5.011e+01
7.000e+01 2.576e-01 7.000e-01 -7.509e-01 2.000e-01 -5.011e+01
7.000e+01 2.018e-01 7.000e-01 -7.411e-01 2.000e-01 -4.701e+01
7.000e+01 2.018e-01 7.000e-01 -7.411e-01 2.000e-01 -4.701e+01
7.000e+01 2.246e-01 7.000e-01 -7.414e-01 2.000e-01 -4.837e+01
7.000e+01 2.319e-01 7.000e-01 -7.427e-01 2.000e-01 -4.878e+01
7.000e+01 2.319e-01 7.000e-01 -7.427e-01 2.000e-01 -4.878e+01
7.000e+01 2.319e-01 7.000e-01 -7.427e-01 2.000e-01 -4.878e+01
7.000e+01 2.289e-01 7.000e-01 -7.450e-01 2.000e-01 -4.846e+01
7.000e+01 2.687e-01 7.000e-01 -7.492e-01 2.000e-01 -5.106e+01
7.000e+01 2.272e-01 7.000e-01 -7.491e-01 2.000e-01 -4.813e+01
7.000e+01 2.272e-01 7.000e-01 -7.491e-01 2.000e-01 -4.813e+01
7.000e+01 2.118e-01 7.000e-01 -7.494e-01 2.000e-01 -4.719e+01
7.000e+01 2.118e-01 7.000e-01 -7.494e-01 2.000e-01 -4.719e+01
7.000e+01 1.896e-01 7.000e-01 -7.446e-01 2.000e-01 -4.621e+01
7.000e+01 1.876e-01 7.000e-01 -7.511e-01 2.000e-01 -4.586e+01
7.000e+01 2.139e-01 7.000e-01 -7.549e-01 2.000e-01 -4.705e+01
7.000e+01 2.139e-01 7.000e-01 -7.549e-01 2.000e-01 -4.705e+01
7.000e+01 2.247e-01 7.000e-01 -7.571e-01 2.000e-01 -4.757e+01
7.000e+01 2.247e-01 7.000e-01 -7.571e-01 2.000e-01 -4.757e+01
7.000e+01 2.300e-01 7.000e-01 -7.538e-01 2.000e-01 -4.806e+01
7.000e+01 2.281e-01 7.000e-01 -7.487e-01 2.000e-01 -4.821e+01
7.000e+01 2.286e-01 7.000e-01 -7.494e-01 2.000e-01 -4.820e+01
7.000e+01 2.574e-01 7.000e-01 -7.438e-01 2.000e-01 -5.054e+01
7.000e+01 2.574e-01 7.000e-01 -7.438e-01 2.000e-01 -5.054e+01
7.000e+01 2.997e-01 7.000e-01 -7.432e-01 2.000e-01 -5.409e+01
7.000e+01 2.997e-01 7.000e-01 -7.432e-01 2.000e-01 -5.409e+01
7.000e+01 3.044e-01 7.000e-01 -7.384e-01 2.000e-01 -5.491e+01
7.000e+01 2.504e-01 7.000e-01 -7.457e-01 2.000e-01 -4.990e+01
7.000e+01 2.504e-01 7.000e-01 -7.457e-01 2.000e-01 -4.990e+01
7.000e+01 2.406e-01 7.000e-01 -7.457e-01 2.000e-01 -4.920e+01
7.000e+01 2.596e-01 7.000e-01 -7.475e-01 2.000e-01 -5.046e+01
