0.351 41.296 0.041
0.604 42.621 0.043
0.100 38.281 0.038
0.354 41.279 0.041
0.575 42.565 0.043
0.677 42.964 0.043
0.278 40.737 0.041
0.570 42.540 0.043
0.928 43.892 0.044
0.576 42.550 0.043
0.626 42.823 0.043
0.029 35.538 0.036
0.386 41.571 0.042
0.678 43.032 0.043
0.273 40.672 0.041
0.144 39.163 0.039
0.500 42.250 0.042
0.191 39.802 0.040
0.896 43.720 0.044
0.372 41.531 0.041
0.637 42.868 0.043
0.582 42.716 0.043
0.325 41.154 0.041
0.518 42.225 0.042
0.081 37.834 0.038
0.172 39.581 0.040
0.430 41.833 0.042
0.322 41.109 0.041
0.583 42.615 0.043
0.463 42.021 0.042
0.842 43.601 0.044
0.320 40.974 0.041
0.140 39.111 0.039
1.002 44.045 0.044
0.202 39.950 0.040
0.236 40.399 0.040
0.875 43.650 0.044
0.186 39.747 0.040
1.166 44.443 0.044
1.101 44.265 0.044
0.486 42.169 0.042
0.065 37.287 0.037
0.849 43.539 0.044
0.591 42.685 0.043
0.978 43.998 0.044
1.027 44.105 0.044
0.684 43.048 0.043
0.498 42.262 0.042
0.575 42.533 0.043
0.195 39.921 0.040
0.029 35.455 0.036
0.908 43.715 0.044
1.026 44.140 0.044
0.210 40.083 0.040
0.796 43.441 0.043
0.781 43.384 0.043
0.359 41.413 0.041
0.608 42.777 0.043
0.644 42.799 0.043
0.275 40.632 0.041
0.396 41.581 0.042
0.164 39.466 0.039
0.622 42.705 0.043
1.180 44.557 0.044
0.334 41.180 0.041
0.753 43.298 0.043
0.553 42.555 0.042
0.405 41.671 0.042
0.333 41.198 0.041
0.936 43.819 0.044
0.397 41.629 0.042
0.400 41.634 0.042
0.211 40.063 0.040
0.819 43.525 0.044
0.546 42.390 0.042
0.878 43.697 0.044
0.648 42.887 0.043
0.118 38.674 0.039
0.162 39.434 0.039
0.591 42.567 0.043
0.210 40.127 0.040
0.183 39.696 0.040
1.083 44.276 0.044
0.674 42.988 0.043
0.445 41.919 0.042
0.654 42.851 0.043
0.684 43.017 0.043
0.297 40.818 0.041
0.361 41.434 0.041
0.777 43.370 0.043
1.090 44.324 0.044
0.046 36.469 0.037
0.450 42.011 0.042
0.360 41.377 0.041
0.514 42.308 0.042
0.969 44.019 0.044
0.980 43.903 0.044
0.319 41.134 0.041
0.448 41.892 0.042
0.613 42.728 0.043
