0.351 41.144 0.207
0.604 42.512 0.214
0.100 38.268 0.192
0.354 41.425 0.207
0.575 42.865 0.213
0.677 43.339 0.215
0.278 41.031 0.204
0.570 42.694 0.213
0.928 43.859 0.219
0.576 42.648 0.213
0.626 42.191 0.214
0.029 35.492 0.178
0.386 41.553 0.208
0.678 43.168 0.215
0.273 40.661 0.203
0.144 39.152 0.196
0.500 41.979 0.211
0.191 39.993 0.199
0.896 43.914 0.219
0.372 41.361 0.207
0.637 43.077 0.214
0.582 42.562 0.213
0.325 41.062 0.206
0.518 42.186 0.212
0.081 38.019 0.189
0.172 39.465 0.198
0.430 42.017 0.209
0.322 40.713 0.205
0.583 42.614 0.213
0.463 41.830 0.210
0.842 43.355 0.218
0.320 40.849 0.205
0.140 39.110 0.195
1.002 44.266 0.220
0.202 39.832 0.200
0.236 40.600 0.202
0.875 43.483 0.218
0.186 40.070 0.199
1.166 44.478 0.222
1.101 44.423 0.221
0.486 42.156 0.211
0.065 37.238 0.187
0.849 43.560 0.218
0.591 42.667 0.213
0.978 44.154 0.220
1.027 43.838 0.221
0.684 43.272 0.215
0.498 42.335 0.211
0.575 43.037 0.213
0.195 39.892 0.199
0.029 35.456 0.178
0.908 44.136 0.219
1.026 44.088 0.221
0.210 40.231 0.200
0.796 43.578 0.217
0.781 43.305 0.217
0.359 41.038 0.207
0.608 42.755 0.214
0.644 42.699 0.214
0.275 40.690 0.204
0.396 41.667 0.208
0.164 39.250 0.197
0.622 42.915 0.214
1.180 45.043 0.222
0.334 41.162 0.206
0.753 43.375 0.216
0.553 42.127 0.212
0.405 41.326 0.208
0.333 40.973 0.206
0.936 43.987 0.219
0.397 41.595 0.208
0.400 41.711 0.208
0.211 40.010 0.200
0.819 43.631 0.218
0.546 42.619 0.212
0.878 43.567 0.218
0.648 43.041 0.214
0.118 38.854 0.193
0.162 39.540 0.197
0.591 42.582 0.213
0.210 40.027 0.200
0.183 39.825 0.199
1.083 44.309 0.221
0.674 43.290 0.215
0.445 41.837 0.210
0.654 42.702 0.215
0.684 42.807 0.215
0.297 41.127 0.205
0.361 41.243 0.207
0.777 43.525 0.217
1.090 44.618 0.221
0.046 36.701 0.183
0.450 41.898 0.210
0.360 41.383 0.207
0.514 42.399 0.211
0.969 44.465 0.220
0.980 43.983 0.220
0.319 41.228 0.205
0.448 42.361 0.210
0.613 42.825 0.214
